Strains	Ensifer_adhaerens_AG1206	Ensifer_adhaerens_Casida_A	Ensifer_adhaerens_L18	Ensifer_adhaerens_M78	Ensifer_adhaerens_OV14	Ensifer_adhaerens_SD006	Ensifer_adhaerens_ST2	Ensifer_adhaerens_WJB133_25_10	Ensifer_alkalisoli_YIC4027	Ensifer_aridi_JNVU_TP6	Ensifer_aridi_LEM451	Ensifer_aridi_LEM457	Ensifer_aridi_LMR001	Ensifer_aridi_LMR013	Ensifer_aridi_TW10	Ensifer_glycinis_CCBAU_23380	Ensifer_morelense_Lc04	Ensifer_psoraleae_CCBAU_65732	Ensifer_sesbaniae_CCBAU_65729	Ensifer_shofinae_CCBAU_251167	Ensifer_sojae_CCBAU_05684	Ensifer_sp_1H6	Ensifer_sp_AP48	Ensifer_sp_BR816	Ensifer_sp_LC11	Ensifer_sp_LC13	Ensifer_sp_LC14	Ensifer_sp_LC163	Ensifer_sp_LC384	Ensifer_sp_LC499	Ensifer_sp_LC54	Ensifer_sp_LCM_4579	Ensifer_sp_M14	Ensifer_sp_MMN_5	Ensifer_sp_NM_2	Ensifer_sp_OV372	Ensifer_sp_Root1252	Ensifer_sp_Root127	Ensifer_sp_Root1298	Ensifer_sp_Root1312	Ensifer_sp_Root142	Ensifer_sp_Root231	Ensifer_sp_Root258	Ensifer_sp_Root278	Ensifer_sp_Root31	Ensifer_sp_Root423	Ensifer_sp_Root558	Ensifer_sp_Root74	Ensifer_sp_Root954	Ensifer_sp_T2_8	Ensifer_sp_USDA_6670	Ensifer_sp_WSM1721	Ensifer_sp_YR511	Ensifer_sp_ZNC0028	Sinorhizobium_americanum_CCGM7	Sinorhizobium_americanum_CFNEI_156	Sinorhizobium_americanum_CFNEI_73	Sinorhizobium_americanum_FG01	Sinorhizobium_americanum_NG07B	Sinorhizobium_arboris_LMG_14919	Sinorhizobium_fredii_CCBAU_05557	Sinorhizobium_fredii_CCBAU_25509	Sinorhizobium_fredii_CCBAU_45436	Sinorhizobium_fredii_CCBAU_83622	Sinorhizobium_fredii_CCBAU_83643	Sinorhizobium_fredii_CCBAU_83666	Sinorhizobium_fredii_CCBAU_83753	Sinorhizobium_fredii_GR64	Sinorhizobium_fredii_HH103	Sinorhizobium_fredii_NGR234	Sinorhizobium_fredii_NXT3	Sinorhizobium_fredii_PCH1	Sinorhizobium_fredii_USDA_205	Sinorhizobium_fredii_USDA_257	Sinorhizobium_medicae_DI28	Sinorhizobium_medicae_Str1	Sinorhizobium_medicae_Str10	Sinorhizobium_medicae_Str11	Sinorhizobium_medicae_Str12	Sinorhizobium_medicae_Str13	Sinorhizobium_medicae_Str14	Sinorhizobium_medicae_Str15	Sinorhizobium_medicae_Str16	Sinorhizobium_medicae_Str17	Sinorhizobium_medicae_Str18	Sinorhizobium_medicae_Str3	Sinorhizobium_medicae_Str6	Sinorhizobium_medicae_Str7	Sinorhizobium_medicae_Str8	Sinorhizobium_medicae_Str9	Sinorhizobium_medicae_WSM1115	Sinorhizobium_medicae_WSM1369	Sinorhizobium_medicae_WSM244	Sinorhizobium_medicae_WSM419	Sinorhizobium_meliloti_1021	Sinorhizobium_meliloti_1A42	Sinorhizobium_meliloti_2011	Sinorhizobium_meliloti_4H41	Sinorhizobium_meliloti_5A14	Sinorhizobium_meliloti_A0641M	Sinorhizobium_meliloti_A0643DD	Sinorhizobium_meliloti_AC50a	Sinorhizobium_meliloti_AE608H	Sinorhizobium_meliloti_AK11	Sinorhizobium_meliloti_AK170	Sinorhizobium_meliloti_AK555	Sinorhizobium_meliloti_AK58	Sinorhizobium_meliloti_AK75	Sinorhizobium_meliloti_AK83	Sinorhizobium_meliloti_B399	Sinorhizobium_meliloti_B401	Sinorhizobium_meliloti_BL225C	Sinorhizobium_meliloti_BM806	Sinorhizobium_meliloti_BO21CC	Sinorhizobium_meliloti_C0431A	Sinorhizobium_meliloti_C0438LL	Sinorhizobium_meliloti_CCMM_B554_FSM_MA	Sinorhizobium_meliloti_CCNWSX0020	Sinorhizobium_meliloti_CIAM1775	Sinorhizobium_meliloti_CXM1_105	Sinorhizobium_meliloti_DSM_23914	Sinorhizobium_meliloti_GR4	Sinorhizobium_meliloti_GVPV12	Sinorhizobium_meliloti_H1	Sinorhizobium_meliloti_HM006	Sinorhizobium_meliloti_KH35c	Sinorhizobium_meliloti_KH46	Sinorhizobium_meliloti_L5_30	Sinorhizobium_meliloti_M162	Sinorhizobium_meliloti_M270	Sinorhizobium_meliloti_Mlalz_1	Sinorhizobium_meliloti_MVII_I	Sinorhizobium_meliloti_Rm41	Sinorhizobium_meliloti_RMO17	Sinorhizobium_meliloti_RRl128	Sinorhizobium_meliloti_RU11_011	Sinorhizobium_meliloti_SM11	Sinorhizobium_meliloti_T073	Sinorhizobium_meliloti_USDA1021	Sinorhizobium_meliloti_USDA1106	Sinorhizobium_meliloti_USDA1157	Sinorhizobium_meliloti_WSM1022	Sinorhizobium_meliloti_WSM4191	Sinorhizobium_saheli_LMG_7837	Sinorhizobium_sp_A49	Sinorhizobium_sp_BJ1	Sinorhizobium_sp_CCBAU_05631	Sinorhizobium_sp_FG01	Sinorhizobium_sp_GL2	Sinorhizobium_sp_GL28	Sinorhizobium_sp_GW3	Sinorhizobium_sp_LM21	Sinorhizobium_sp_M4_45	Sinorhizobium_sp_NFACC03	Sinorhizobium_sp_NG07B	Sinorhizobium_sp_PC2	Sinorhizobium_sp_Sb3
Ensifer_adhaerens_AG1206	100	98.98	93.76	90.96	84.18	84.71	93.10	98.95	79.38	80.36	80.24	80.38	80.24	80.31	80.39	80.72	84.55	80.71	90.36	79.51	79.69	84.14	91.06	80.12	91.18	91.19	91.18	85.24	85.20	91.19	85.20	79.70	84.30	79.84	84.09	98.88	84.15	84.18	98.88	98.88	84.19	84.16	84.16	90.99	84.03	98.88	98.90	98.88	98.89	79.95	79.88	80.43	98.79	95.58	80.14	80.10	80.20	80.37	80.52	79.83	80.13	80.06	80.10	80.12	79.98	80.02	79.94	79.95	80.08	80.20	80.25	80.00	80.15	80.10	79.29	79.03	79.14	79.21	79.00	79.09	79.33	79.13	79.06	78.97	79.23	79.31	79.06	79.24	79.11	78.89	79.27	79.46	79.15	79.16	80.04	79.62	80.02	79.85	79.86	79.77	79.96	79.89	80.12	79.93	80.08	80.26	80.07	79.80	80.27	80.47	80.23	80.02	80.02	79.84	79.94	80.05	79.92	79.87	80.15	80.07	80.04	79.99	79.79	79.95	79.86	79.93	80.04	80.10	80.07	79.54	79.92	79.90	80.01	79.96	79.87	79.87	80.08	80.04	80.19	80.05	79.90	79.89	79.10	80.44	84.39	80.04	80.30	80.37	98.47	90.87	98.63	98.95	79.73	90.86	80.52	80.12	90.76
Ensifer_adhaerens_Casida_A	98.98	100	93.98	91.06	84.37	84.79	93.35	99.06	79.50	80.38	80.46	80.57	80.43	80.44	80.46	80.80	84.67	81.07	90.73	79.73	79.80	84.38	91.24	80.28	91.30	91.31	91.30	85.33	85.30	91.30	85.30	80.03	84.70	79.98	84.24	99.70	84.29	84.32	98.98	98.99	84.31	84.30	84.29	91.18	84.18	99.52	99.58	98.99	99.00	79.96	80.09	80.61	98.80	95.75	80.36	80.36	80.43	80.58	80.64	79.99	80.35	80.29	80.28	80.31	80.18	80.19	80.15	80.30	80.25	80.36	80.45	80.10	80.33	80.22	79.32	79.17	79.20	79.33	79.15	79.15	79.43	79.29	79.17	79.08	79.33	79.43	79.20	79.36	79.25	79.03	79.43	79.44	79.26	79.34	80.16	79.88	80.07	80.06	80.14	79.85	80.15	80.12	80.17	80.10	80.27	80.35	80.18	80.07	80.31	80.27	80.32	80.12	80.13	79.98	79.95	80.11	80.11	80.06	80.19	80.09	80.09	80.05	79.94	80.04	79.98	80.09	80.15	80.20	80.29	79.70	80.09	80.10	80.09	80.10	79.87	80.08	80.18	80.15	80.16	80.15	79.94	80.03	79.29	80.63	84.59	80.15	80.58	80.59	98.73	91.11	98.94	99.09	80.01	91.00	80.64	80.33	90.96
Ensifer_adhaerens_L18	93.76	93.98	100	91.40	84.46	84.86	94.89	93.93	79.91	80.62	80.50	80.63	80.65	80.62	80.75	81.05	84.74	81.11	90.72	79.90	80.03	84.48	91.37	80.63	91.41	91.41	91.40	85.26	85.17	91.41	85.18	80.23	84.71	80.41	84.38	93.85	84.42	84.44	93.76	93.76	84.43	84.44	84.45	91.23	84.28	93.81	93.83	93.77	93.76	80.27	80.28	80.71	93.77	93.56	80.47	80.53	80.60	80.75	80.71	80.21	80.66	80.55	80.66	80.51	80.52	80.40	80.46	80.44	80.57	80.70	80.61	80.34	80.61	80.36	79.67	79.44	79.49	79.63	79.42	79.43	79.65	79.45	79.43	79.38	79.65	79.68	79.44	79.63	79.54	79.28	79.71	79.90	79.55	79.62	80.41	80.13	80.39	80.44	80.48	80.21	80.34	80.42	80.49	80.41	80.49	80.57	80.44	80.29	80.59	80.88	80.63	80.38	80.33	80.27	80.28	80.42	80.31	80.33	80.48	80.43	80.39	80.40	80.27	80.41	80.29	80.38	80.32	80.49	80.49	79.89	80.40	80.34	80.30	80.26	80.22	80.40	80.37	80.48	80.42	80.40	80.25	80.29	79.52	80.70	84.77	80.38	80.63	80.75	93.78	91.42	93.88	93.88	80.36	91.26	80.72	80.51	90.88
Ensifer_adhaerens_M78	90.96	91.06	91.40	100	84.95	85.58	91.01	91.04	80.05	81.00	81.05	81.05	81.13	81.05	81.12	81.31	85.00	81.74	92.90	80.37	80.10	84.92	96.73	80.92	91.61	91.62	91.61	85.68	85.51	91.59	85.53	80.33	84.91	80.38	85.08	90.98	85.06	85.02	90.91	90.93	85.05	85.10	85.09	96.76	84.91	90.96	91.00	90.91	90.89	80.40	80.36	81.21	90.80	90.93	80.64	80.72	80.78	80.88	80.84	80.31	80.89	80.80	80.89	80.90	80.88	80.81	80.76	80.96	80.92	81.04	80.79	80.85	80.90	80.77	79.83	79.63	79.71	79.72	79.63	79.65	79.66	79.59	79.68	79.67	79.71	79.80	79.64	79.76	79.58	79.35	79.78	79.95	79.61	79.73	80.42	80.11	80.39	80.39	80.42	80.23	80.49	80.39	80.51	80.31	80.57	80.57	80.52	80.36	80.60	80.62	80.64	80.46	80.41	80.30	80.29	80.47	80.48	80.49	80.53	80.52	80.45	80.34	80.31	80.37	80.39	80.48	80.43	80.60	80.64	80.15	80.47	80.35	80.43	80.47	80.27	80.37	80.50	80.54	80.49	80.39	80.38	80.40	79.57	80.91	85.18	80.82	80.84	80.87	90.98	96.67	90.93	91.00	80.27	96.51	80.84	80.95	96.42
Ensifer_adhaerens_OV14	84.18	84.37	84.46	84.95	100	93.19	84.04	84.32	79.54	80.63	80.59	80.85	80.82	80.80	80.63	80.73	91.98	81.19	84.68	79.93	80.00	99.00	84.89	80.43	85.08	85.09	85.08	93.45	93.38	85.08	93.44	79.83	92.36	80.17	98.70	84.28	98.83	98.82	84.00	84.02	98.80	98.82	98.84	85.02	98.62	84.36	84.32	84.04	84.00	80.13	80.17	80.58	84.03	84.43	80.22	80.33	80.36	80.79	80.72	80.05	80.47	80.37	80.38	80.40	80.48	80.35	80.28	80.51	80.35	80.50	80.47	80.34	80.51	80.53	79.50	79.28	79.25	79.51	79.19	79.20	79.57	79.40	79.30	79.22	79.49	79.59	79.42	79.58	79.35	79.08	79.52	79.62	79.37	79.49	80.37	80.03	80.35	80.15	80.20	80.13	80.16	80.13	80.27	80.28	80.36	80.42	80.45	80.41	80.25	80.64	80.63	80.38	80.48	80.22	80.15	80.31	80.37	80.21	80.49	80.42	80.35	80.16	79.98	80.23	80.30	80.42	80.39	80.36	80.51	79.91	80.14	80.22	80.27	80.44	80.16	80.20	80.26	80.25	80.34	80.35	80.27	80.27	79.33	80.61	92.46	80.54	80.58	80.79	84.05	84.76	84.01	84.06	80.10	84.96	80.72	80.43	84.66
Ensifer_adhaerens_SD006	84.71	84.79	84.86	85.58	93.19	100	84.59	84.76	80.04	81.14	81.17	81.22	81.23	81.14	81.12	81.39	92.39	81.68	85.05	80.40	80.41	93.31	85.37	80.75	85.48	85.49	85.47	95.36	95.36	85.48	95.37	80.20	92.40	80.45	93.15	84.80	93.09	93.09	84.50	84.51	93.14	93.09	93.10	85.29	93.10	84.71	84.77	84.52	84.49	80.38	80.54	81.09	84.51	84.95	80.64	80.78	80.84	81.13	81.14	80.38	80.76	80.74	80.60	80.75	80.86	80.72	80.71	81.05	80.74	80.94	80.99	80.77	80.85	80.79	79.94	79.67	79.70	79.97	79.62	79.61	79.99	79.87	79.70	79.60	79.92	80.02	79.87	80.03	79.89	79.46	80.01	80.03	79.83	79.90	80.53	80.22	80.53	80.52	80.37	80.23	80.36	80.44	80.42	80.35	80.56	80.49	80.44	80.34	80.48	81.06	80.79	80.28	80.39	80.34	80.19	80.38	80.44	80.29	80.49	80.47	80.32	80.42	80.24	80.26	80.40	80.41	80.39	80.45	80.55	79.94	80.41	80.35	80.35	80.40	80.26	80.35	80.36	80.44	80.43	80.53	80.30	80.37	79.73	81.00	92.48	80.84	80.98	81.13	84.71	85.41	84.50	84.58	80.39	85.40	81.14	80.97	85.02
Ensifer_adhaerens_ST2	93.10	93.35	94.89	91.01	84.04	84.59	100	93.43	79.65	80.56	80.48	80.56	80.65	80.61	80.61	80.83	84.56	80.92	90.35	79.77	79.88	84.04	90.99	80.26	91.15	91.16	91.16	85.19	84.99	91.16	84.99	79.92	84.10	80.22	84.08	93.28	84.09	84.03	93.27	93.27	84.18	84.13	84.11	91.07	83.91	93.25	93.33	93.29	93.26	80.13	80.20	80.67	93.04	93.11	80.33	80.57	80.61	80.71	80.65	80.13	80.31	80.18	80.26	80.34	80.18	80.36	80.11	80.37	80.40	80.45	80.58	80.22	80.30	80.26	79.54	79.38	79.46	79.56	79.34	79.42	79.52	79.44	79.41	79.38	79.50	79.63	79.38	79.55	79.39	79.19	79.64	79.76	79.44	79.63	80.26	79.98	80.23	80.37	80.31	80.06	80.33	80.14	80.40	80.16	80.38	80.53	80.41	80.09	80.54	80.74	80.47	80.33	80.27	80.16	80.19	80.42	80.25	80.30	80.40	80.28	80.34	80.19	80.14	80.26	80.23	80.31	80.33	80.41	80.41	79.93	80.27	80.28	80.22	80.25	80.23	80.25	80.40	80.36	80.36	80.24	80.16	80.24	79.40	80.61	84.30	80.28	80.47	80.72	93.24	90.97	93.23	93.24	80.17	90.92	80.65	80.40	90.48
Ensifer_adhaerens_WJB133_25_10	98.95	99.06	93.93	91.04	84.32	84.76	93.43	100	79.53	80.52	80.40	80.53	80.47	80.52	80.59	80.86	84.57	80.82	90.72	79.76	79.75	84.39	91.21	80.26	91.34	91.35	91.36	85.25	85.12	91.36	85.13	79.85	84.41	80.16	84.19	98.99	84.22	84.20	99.17	99.18	84.20	84.25	84.24	91.23	84.08	99.06	98.96	99.18	99.18	80.13	80.11	80.62	99.28	95.70	80.19	80.32	80.39	80.50	80.53	79.88	80.39	80.24	80.34	80.25	80.16	80.13	80.13	80.21	80.35	80.45	80.38	80.15	80.30	80.18	79.36	79.22	79.30	79.39	79.20	79.30	79.47	79.34	79.22	79.22	79.39	79.48	79.28	79.41	79.35	79.09	79.51	79.63	79.37	79.43	80.21	79.93	80.19	80.14	80.27	80.01	80.19	80.08	80.33	80.07	80.35	80.34	80.22	80.00	80.46	80.66	80.36	80.12	80.10	80.03	80.03	80.24	80.04	80.08	80.24	80.16	80.11	80.06	79.96	80.14	80.05	80.07	80.12	80.26	80.29	79.74	80.10	80.15	80.14	80.15	80.04	80.21	80.22	80.16	80.21	80.20	80.09	80.04	79.32	80.51	84.50	80.07	80.46	80.50	98.71	91.17	99.11	99.18	80.07	91.11	80.54	80.34	91.02
Ensifer_alkalisoli_YIC4027	79.38	79.50	79.91	80.05	79.54	80.04	79.65	79.53	100	84.41	84.30	84.44	84.38	84.35	84.40	84.73	79.47	83.02	80.71	84.36	91.37	79.54	79.80	84.18	80.28	80.28	80.27	79.98	80.00	80.26	80.04	95.02	79.33	82.94	79.28	79.53	79.36	79.30	79.30	79.33	79.40	79.36	79.33	79.91	79.35	79.41	79.42	79.32	79.27	83.32	83.01	84.36	79.33	79.67	84.19	84.19	84.22	84.52	84.58	83.18	84.39	84.68	84.31	84.47	84.42	84.54	84.53	84.21	84.43	84.52	84.47	84.49	84.55	84.36	82.29	81.94	82.00	82.10	81.95	81.96	82.17	82.05	82.05	81.81	82.19	82.27	82.12	82.19	82.11	81.57	82.33	82.44	82.20	82.21	83.24	82.82	83.06	83.07	83.14	82.68	83.09	83.58	83.06	82.91	83.21	83.03	83.18	82.66	83.21	83.41	83.24	83.15	83.19	83.19	82.82	83.02	83.10	82.95	83.15	83.14	83.15	82.95	82.84	83.03	83.02	83.17	83.14	83.06	83.10	82.65	83.03	82.99	83.16	83.01	83.01	83.00	83.19	82.85	83.18	83.20	82.97	83.20	82.06	84.51	79.58	84.60	84.51	84.54	79.32	79.72	79.37	79.51	83.04	79.92	84.58	84.22	79.64
Ensifer_aridi_JNVU_TP6	80.36	80.38	80.62	81.00	80.63	81.14	80.56	80.52	84.41	100	98.13	98.37	98.50	98.41	99.79	86.94	80.64	85.77	81.52	86.57	85.03	80.67	80.90	85.90	81.10	81.12	81.10	81.45	81.38	81.09	81.43	84.61	80.71	86.19	80.44	80.36	80.53	80.42	80.35	80.37	80.41	80.55	80.53	80.94	80.44	80.28	80.32	80.35	80.33	86.52	86.36	95.77	80.16	80.56	85.93	85.99	85.94	86.24	86.17	86.46	86.41	86.48	86.40	86.37	86.31	86.37	86.40	85.96	86.48	86.30	86.32	86.34	86.45	86.67	85.36	84.98	85.10	85.17	85.04	84.94	85.05	85.12	85.08	84.83	85.33	85.35	85.18	85.32	85.26	84.86	85.40	85.49	85.25	85.30	86.47	85.98	86.45	86.12	86.49	86.15	86.22	86.37	86.46	86.07	86.48	86.48	86.46	85.87	86.55	86.86	86.68	86.51	86.48	86.42	86.19	86.37	86.46	86.39	86.34	86.55	86.52	86.34	86.08	86.17	86.40	86.50	86.43	86.50	86.46	85.85	86.29	86.40	86.45	86.51	86.24	86.32	86.43	86.36	86.52	86.44	86.44	86.38	85.17	88.00	80.86	87.31	86.48	86.24	80.20	81.09	80.22	80.42	86.35	81.00	86.17	99.02	81.06
Ensifer_aridi_LEM451	80.24	80.46	80.50	81.05	80.59	81.17	80.48	80.40	84.30	98.13	100	99.02	98.44	98.35	98.09	86.73	80.67	85.45	81.44	86.07	84.98	80.68	80.99	86.40	81.16	81.18	81.17	81.53	81.35	81.15	81.39	84.18	80.64	86.09	80.47	80.41	80.48	80.42	80.29	80.30	80.43	80.50	80.48	80.96	80.50	80.21	80.34	80.29	80.25	86.47	86.26	95.59	80.16	80.52	86.27	86.25	86.28	86.65	86.64	86.10	86.15	86.22	86.15	86.30	86.22	86.14	86.23	86.51	86.06	86.22	86.81	85.96	86.46	86.55	85.20	84.80	85.01	84.84	84.83	84.88	84.76	85.00	84.96	84.76	85.09	85.05	85.00	85.10	85.11	84.46	85.13	85.18	85.07	85.18	86.43	86.00	86.41	86.37	86.32	85.97	85.96	86.32	86.20	86.01	86.63	86.37	86.35	85.85	86.37	86.74	86.51	86.34	86.38	86.36	85.99	86.24	86.36	86.28	86.34	86.39	86.39	86.19	86.45	86.06	86.37	86.37	86.18	86.44	86.37	85.62	86.28	86.07	86.36	86.35	86.22	86.06	86.29	86.17	86.35	86.39	86.30	86.27	85.09	87.83	80.85	86.66	86.27	86.65	80.18	81.04	80.19	80.29	86.26	81.05	86.64	98.22	81.21
Ensifer_aridi_LEM457	80.38	80.57	80.63	81.05	80.85	81.22	80.56	80.53	84.44	98.37	99.02	100	98.85	98.81	98.44	86.75	80.70	85.67	81.56	86.16	84.97	80.80	80.98	86.37	81.23	81.24	81.23	81.53	81.52	81.21	81.56	84.43	80.71	86.17	80.56	80.48	80.63	80.51	80.42	80.44	80.60	80.65	80.64	80.98	80.61	80.37	80.38	80.43	80.39	86.49	86.30	95.84	80.18	80.61	86.27	86.20	86.21	86.56	86.54	86.24	86.24	86.25	86.25	86.25	86.06	86.09	86.20	86.34	86.12	86.21	86.62	86.06	86.33	86.55	85.44	85.06	85.23	85.19	85.18	85.04	85.13	85.17	85.17	85.00	85.32	85.37	85.19	85.30	85.31	84.81	85.44	85.44	85.39	85.33	86.49	85.98	86.47	86.42	86.38	86.10	86.15	86.27	86.28	85.96	86.50	86.41	86.37	85.76	86.43	86.74	86.52	86.38	86.41	86.36	86.00	86.28	86.41	86.22	86.28	86.41	86.42	86.31	86.32	86.02	86.39	86.38	86.34	86.43	86.41	85.77	86.28	86.25	86.42	86.41	86.24	86.27	86.34	86.32	86.38	86.48	86.37	86.30	85.23	87.96	81.04	86.67	86.29	86.56	80.26	81.03	80.31	80.42	86.33	81.00	86.54	98.51	81.03
Ensifer_aridi_LMR001	80.24	80.43	80.65	81.13	80.82	81.23	80.65	80.47	84.38	98.50	98.44	98.85	100	99.36	98.49	86.80	80.73	85.65	81.72	86.32	84.88	80.84	81.04	85.96	81.22	81.23	81.22	81.45	81.48	81.20	81.52	85.12	80.68	86.15	80.48	80.43	80.54	80.37	80.23	80.25	80.45	80.56	80.53	81.09	80.51	80.28	80.35	80.24	80.21	86.51	86.33	95.81	80.07	80.67	85.93	86.05	86.06	86.14	86.20	87.34	86.37	86.23	86.45	86.35	86.21	86.32	86.33	85.98	86.12	86.23	86.18	86.33	86.48	86.65	85.41	85.10	85.25	85.21	85.21	85.11	85.14	85.27	85.23	85.05	85.29	85.40	85.28	85.39	85.30	84.92	85.45	85.33	85.36	85.39	86.44	85.95	86.42	85.96	86.42	86.16	86.18	86.24	86.44	86.01	86.41	86.40	86.31	85.79	86.32	86.72	86.55	86.42	86.38	86.42	86.09	86.33	86.33	86.17	86.28	86.46	86.39	86.24	86.05	86.11	86.50	86.40	86.30	86.39	86.43	85.75	86.20	86.30	86.47	86.43	86.23	86.30	86.32	86.39	86.42	86.41	86.32	86.34	85.19	88.02	80.99	86.73	86.45	86.14	80.26	81.10	80.17	80.34	86.35	81.08	86.20	98.62	81.08
Ensifer_aridi_LMR013	80.31	80.44	80.62	81.05	80.80	81.14	80.61	80.52	84.35	98.41	98.35	98.81	99.36	100	98.38	86.70	80.71	85.71	81.59	86.33	84.80	80.77	81.05	85.90	81.22	81.24	81.21	81.53	81.52	81.21	81.54	85.14	80.70	86.16	80.45	80.46	80.57	80.45	80.23	80.25	80.44	80.58	80.56	81.05	80.43	80.24	80.37	80.25	80.22	86.62	86.39	95.74	80.15	80.65	85.72	85.81	85.84	86.12	86.15	87.31	86.35	86.36	86.35	86.25	86.16	86.25	86.29	86.14	86.19	86.24	85.99	86.15	86.46	86.52	85.39	85.07	85.20	85.19	85.14	85.09	85.07	85.26	85.16	85.00	85.34	85.39	85.19	85.31	85.24	84.88	85.36	85.35	85.38	85.39	86.37	86.02	86.35	86.08	86.43	85.85	86.23	86.27	86.30	86.07	86.48	86.31	86.42	85.82	86.54	86.68	86.53	86.43	86.45	86.38	86.10	86.33	86.39	86.26	86.39	86.39	86.51	86.22	86.10	85.95	86.54	86.45	86.30	86.48	86.44	85.62	86.26	86.31	86.50	86.32	86.40	86.32	86.47	86.20	86.45	86.37	86.36	86.38	85.18	87.92	80.88	86.57	86.24	86.12	80.28	81.09	80.23	80.29	86.41	81.07	86.15	98.74	80.98
Ensifer_aridi_TW10	80.39	80.46	80.75	81.12	80.63	81.12	80.61	80.59	84.40	99.79	98.09	98.44	98.49	98.38	100	86.83	80.71	85.76	81.51	86.54	85.05	80.77	80.80	85.94	81.13	81.14	81.13	81.55	81.53	81.11	81.56	84.69	80.81	86.11	80.56	80.46	80.60	80.48	80.42	80.44	80.40	80.61	80.59	80.96	80.56	80.42	80.40	80.43	80.40	86.55	86.39	95.80	80.21	80.64	85.84	85.88	85.89	86.25	86.14	86.47	86.41	86.52	86.42	86.40	86.38	86.44	86.46	86.05	86.41	86.40	86.18	86.44	86.61	86.71	85.32	84.95	85.05	85.12	84.98	84.89	85.02	85.14	85.02	84.77	85.33	85.29	85.15	85.23	85.22	84.86	85.30	85.50	85.27	85.29	86.42	85.98	86.42	86.09	86.33	86.10	86.10	86.33	86.38	85.96	86.47	86.34	86.41	85.94	86.50	86.66	86.69	86.54	86.45	86.36	86.15	86.30	86.50	86.42	86.30	86.56	86.52	86.11	85.99	86.13	86.54	86.48	86.42	86.47	86.44	85.84	86.26	86.27	86.44	86.55	86.21	86.23	86.41	86.29	86.37	86.41	86.44	86.30	85.06	87.98	80.97	87.24	86.47	86.25	80.30	81.12	80.29	80.36	86.34	80.94	86.14	98.89	81.04
Ensifer_glycinis_CCBAU_23380	80.72	80.80	81.05	81.31	80.73	81.39	80.83	80.86	84.73	86.94	86.73	86.75	86.80	86.70	86.83	100	80.96	84.92	81.56	91.56	86.29	80.82	81.23	90.53	81.54	81.55	81.53	81.58	81.69	81.52	81.71	84.66	80.82	84.61	80.65	80.77	80.70	80.61	80.82	80.84	80.59	80.73	80.71	81.21	80.72	80.74	80.70	80.82	80.80	84.82	84.51	86.61	80.55	81.03	90.74	90.85	90.77	91.03	91.14	84.82	92.30	92.10	92.35	92.11	91.76	91.65	92.30	90.85	92.36	91.57	91.09	91.39	92.01	92.21	83.97	83.53	83.60	83.72	83.63	83.49	83.76	83.63	83.65	83.41	83.69	83.88	83.76	83.81	83.69	83.23	83.96	83.89	83.82	83.79	84.82	84.54	84.78	84.54	84.50	84.43	84.61	84.58	84.66	84.28	84.73	84.67	84.64	84.22	84.73	85.14	84.85	84.66	84.67	84.81	84.41	84.61	84.71	84.62	84.73	84.68	84.74	84.83	84.47	84.66	84.68	84.81	84.52	84.68	84.42	84.06	84.52	84.69	84.71	84.62	84.71	84.50	84.66	84.69	84.71	84.72	84.59	84.70	83.65	86.35	81.06	91.61	91.61	91.03	80.65	81.22	80.65	80.78	84.84	81.14	91.14	87.14	81.31
Ensifer_morelense_Lc04	84.55	84.67	84.74	85.00	91.98	92.39	84.56	84.57	79.47	80.64	80.67	80.70	80.73	80.71	80.71	80.96	100	81.44	84.80	79.53	80.19	92.20	85.12	80.45	85.15	85.15	85.17	92.64	92.46	85.15	92.47	79.90	94.88	80.34	91.97	84.67	92.08	92.04	84.41	84.42	92.05	92.08	92.09	84.99	92.07	84.56	84.59	84.42	84.40	80.39	80.46	80.74	84.29	84.94	80.22	80.43	80.49	80.50	80.51	80.33	80.56	80.44	80.52	80.55	80.59	80.46	80.42	80.42	80.47	80.41	80.28	80.51	80.57	80.42	79.75	79.52	79.61	79.80	79.56	79.52	79.88	79.72	79.60	79.45	79.80	79.88	79.79	79.83	79.61	79.43	79.79	79.95	79.64	79.73	80.43	80.16	80.42	80.32	80.47	80.13	80.45	80.31	80.55	80.40	80.56	80.60	80.47	80.32	80.58	81.01	80.70	80.40	80.41	80.42	80.22	80.45	80.48	80.41	80.56	80.50	80.43	80.31	80.21	80.45	80.29	80.50	80.37	80.55	80.73	80.04	80.42	80.45	80.37	80.39	80.35	80.47	80.45	80.46	80.44	80.38	80.18	80.43	79.57	80.65	95.07	80.38	80.50	80.50	84.60	84.96	84.51	84.48	80.30	85.18	80.51	80.19	84.69
Ensifer_psoraleae_CCBAU_65732	80.71	81.07	81.11	81.74	81.19	81.68	80.92	80.82	83.02	85.77	85.45	85.67	85.65	85.71	85.76	84.92	81.44	100	82.09	84.39	83.48	81.32	81.61	84.26	81.74	81.76	81.74	82.29	82.15	81.74	82.18	83.24	81.18	84.33	81.10	80.94	81.08	81.04	80.71	80.72	81.12	81.11	81.10	81.70	81.12	80.88	80.95	80.73	80.69	84.67	84.49	85.65	80.53	81.08	84.27	84.20	84.22	84.64	84.63	84.60	84.47	84.39	84.48	84.51	84.46	84.51	84.46	84.38	84.50	84.34	84.60	84.38	84.60	84.95	83.73	83.43	83.55	83.63	83.50	83.57	83.53	83.50	83.58	83.55	83.75	83.76	83.57	83.66	83.70	83.21	83.67	83.78	83.69	83.59	84.68	84.25	84.63	84.38	84.79	84.55	84.64	84.47	84.84	84.48	84.70	84.76	84.56	84.28	84.81	84.90	84.97	84.59	84.57	84.58	84.37	84.66	84.64	84.67	84.54	84.77	84.59	84.63	84.42	84.58	84.64	84.44	84.64	84.70	84.51	84.04	84.71	84.61	84.63	84.67	84.40	84.65	84.76	84.60	84.72	84.65	84.59	84.47	83.50	84.73	81.44	84.93	84.67	84.64	80.78	81.28	80.65	80.84	84.43	81.38	84.63	85.52	81.63
Ensifer_sesbaniae_CCBAU_65729	90.36	90.73	90.72	92.90	84.68	85.05	90.35	90.72	80.71	81.52	81.44	81.56	81.72	81.59	81.51	81.56	84.80	82.09	100	80.76	80.39	84.80	92.87	81.08	91.24	91.20	91.20	85.47	85.40	91.19	85.42	80.56	84.51	80.58	84.62	90.76	84.58	84.59	90.63	90.64	84.60	84.59	84.58	92.85	84.39	90.67	90.64	90.65	90.62	80.79	80.66	81.43	90.44	90.75	81.07	81.06	81.04	81.34	81.53	80.82	81.20	81.44	81.22	81.30	81.11	81.30	81.15	81.18	81.34	81.18	81.37	81.18	81.32	81.19	80.26	79.85	79.97	80.12	79.94	79.88	80.08	80.06	79.98	79.89	80.18	80.17	80.08	80.11	80.00	79.64	80.16	80.37	80.10	80.23	80.81	80.46	80.79	80.77	80.76	80.62	80.83	81.01	80.84	80.56	80.87	80.90	80.75	80.49	80.99	81.30	81.01	80.80	80.78	80.72	80.56	80.82	80.84	80.62	80.77	80.79	80.79	80.67	80.69	80.77	80.79	80.81	80.64	80.75	80.80	80.35	80.80	80.68	80.65	80.70	80.67	80.73	80.77	80.79	80.83	80.78	80.63	80.66	79.99	81.78	84.77	81.27	81.30	81.34	90.50	92.68	90.47	90.56	80.69	92.86	81.53	81.47	92.67
Ensifer_shofinae_CCBAU_251167	79.51	79.73	79.90	80.37	79.93	80.40	79.77	79.76	84.36	86.57	86.07	86.16	86.32	86.33	86.54	91.56	79.53	84.39	80.76	100	85.59	79.96	80.05	89.87	80.77	80.78	80.77	80.59	80.56	80.76	80.59	84.34	79.62	84.05	79.91	79.98	79.83	79.74	79.56	79.57	79.77	79.85	79.83	80.33	79.71	79.91	79.73	79.57	79.57	84.28	84.36	86.17	79.27	79.68	89.53	89.69	89.66	89.58	89.74	84.32	91.55	91.59	91.58	91.50	91.47	91.75	91.63	90.72	91.59	90.97	89.40	91.53	91.43	91.54	83.20	82.82	82.91	83.04	82.87	82.82	83.06	83.00	82.95	82.64	83.12	83.19	83.14	83.13	83.15	82.57	83.16	83.31	83.07	83.20	84.25	83.85	84.10	84.03	84.10	83.40	83.68	84.21	84.05	83.68	84.28	84.01	84.03	83.54	84.14	84.46	84.49	84.20	84.11	84.28	83.92	83.96	84.21	84.36	84.15	84.31	84.21	83.96	83.98	84.07	84.24	84.02	84.22	84.13	84.15	83.53	84.15	83.96	84.13	84.29	84.03	83.95	84.05	83.81	84.18	84.21	83.79	84.22	83.01	85.71	79.91	91.11	90.70	89.60	79.51	80.30	79.47	79.81	84.20	80.11	89.74	86.41	80.35
Ensifer_sojae_CCBAU_05684	79.69	79.80	80.03	80.10	80.00	80.41	79.88	79.75	91.37	85.03	84.98	84.97	84.88	84.80	85.05	86.29	80.19	83.48	80.39	85.59	100	80.19	80.07	84.68	80.31	80.32	80.31	80.61	80.60	80.30	80.65	91.51	79.88	83.25	79.93	79.80	79.92	79.96	79.64	79.65	79.99	79.94	79.91	80.03	79.93	79.74	79.76	79.66	79.66	83.62	83.47	84.81	79.52	79.99	84.73	84.47	84.51	84.96	84.97	83.56	86.08	86.39	86.08	86.20	85.97	85.61	86.03	84.62	86.29	85.35	84.86	85.32	85.48	85.99	82.84	82.27	82.38	82.56	82.32	82.39	82.57	82.66	82.43	82.22	82.66	82.65	82.63	82.69	82.65	82.00	82.80	82.88	82.75	82.69	83.60	83.26	83.58	83.37	83.46	83.15	83.32	83.31	83.42	83.20	83.66	83.47	83.47	83.07	83.53	83.92	83.63	83.43	83.62	83.57	83.12	83.31	83.56	83.39	83.54	83.50	83.51	83.46	83.27	83.48	83.33	83.49	83.42	83.38	83.23	82.72	83.36	83.46	83.46	83.45	83.52	83.45	83.33	83.38	83.57	83.49	83.30	83.61	82.51	84.72	80.06	85.06	85.64	84.96	79.51	79.95	79.59	79.77	83.30	80.11	84.97	85.04	79.92
Ensifer_sp_1H6	84.14	84.38	84.48	84.92	99.00	93.31	84.04	84.39	79.54	80.67	80.68	80.80	80.84	80.77	80.77	80.82	92.20	81.32	84.80	79.96	80.19	100	84.94	80.44	85.16	85.17	85.17	93.60	93.44	85.17	93.46	79.94	92.54	80.20	98.97	84.31	98.89	98.94	84.14	84.16	98.90	98.88	98.88	85.06	98.84	84.38	84.31	84.17	84.15	80.22	80.23	80.89	84.14	84.58	80.32	80.45	80.48	80.82	80.85	80.06	80.56	80.44	80.54	80.55	80.55	80.38	80.41	80.60	80.58	80.50	80.63	80.41	80.60	80.56	79.60	79.39	79.48	79.65	79.37	79.36	79.73	79.56	79.43	79.44	79.67	79.74	79.54	79.70	79.56	79.25	79.60	79.57	79.56	79.65	80.41	80.02	80.36	80.26	80.35	80.16	80.30	80.28	80.44	80.36	80.49	80.50	80.46	80.40	80.44	80.65	80.67	80.38	80.40	80.30	80.20	80.42	80.45	80.25	80.53	80.45	80.40	80.26	80.17	80.34	80.36	80.40	80.38	80.55	80.61	79.97	80.32	80.30	80.30	80.44	80.22	80.32	80.40	80.32	80.41	80.39	80.24	80.32	79.49	80.69	92.57	80.60	80.73	80.82	84.19	84.84	84.30	84.15	80.15	84.93	80.85	80.53	84.60
Ensifer_sp_AP48	91.06	91.24	91.37	96.73	84.89	85.37	90.99	91.21	79.80	80.90	80.99	80.98	81.04	81.05	80.80	81.23	85.12	81.61	92.87	80.05	80.07	84.94	100	80.63	91.61	91.62	91.61	85.65	85.60	91.60	85.61	80.10	84.91	80.29	84.87	91.07	84.93	84.85	91.07	91.09	84.92	84.95	84.94	97.92	84.64	91.03	91.12	91.09	91.06	80.54	80.37	81.09	90.91	91.02	80.54	80.64	80.67	80.88	80.86	80.44	80.99	80.76	80.96	80.73	80.77	80.72	80.73	80.99	80.90	81.01	80.77	80.74	80.82	80.65	79.87	79.73	79.77	79.84	79.68	79.66	79.79	79.77	79.76	79.62	79.80	79.91	79.74	79.82	79.71	79.33	79.83	79.98	79.77	79.86	80.61	80.32	80.60	80.47	80.62	80.26	80.53	80.34	80.57	80.40	80.62	80.65	80.65	80.48	80.69	80.73	80.75	80.44	80.53	80.38	80.21	80.53	80.59	80.48	80.69	80.53	80.43	80.60	80.44	80.47	80.61	80.74	80.47	80.71	80.75	80.10	80.52	80.52	80.39	80.55	80.39	80.53	80.56	80.57	80.49	80.60	80.47	80.56	79.76	80.83	85.14	80.73	80.87	80.88	90.94	97.91	90.97	91.00	80.31	98.67	80.86	80.79	97.51
Ensifer_sp_BR816	80.12	80.28	80.63	80.92	80.43	80.75	80.26	80.26	84.18	85.90	86.40	86.37	85.96	85.90	85.94	90.53	80.45	84.26	81.08	89.87	84.68	80.44	80.63	100	81.16	81.17	81.18	81.19	81.25	81.15	81.30	84.27	80.40	84.51	80.38	80.27	80.32	80.19	80.06	80.09	80.35	80.34	80.33	80.72	80.28	80.24	80.18	80.08	80.06	84.74	84.38	86.11	79.93	80.23	91.60	91.52	91.52	91.50	91.49	84.43	90.47	90.27	90.38	90.49	90.40	90.39	90.41	90.59	90.12	90.46	91.33	90.36	90.76	90.43	83.75	83.30	83.42	83.56	83.30	83.26	83.58	83.47	83.37	83.21	83.61	83.73	83.64	83.65	83.55	83.00	83.71	83.82	83.55	83.61	84.60	84.41	84.57	84.61	84.56	84.17	84.52	84.39	84.62	84.28	84.75	84.62	84.49	84.04	84.69	85.01	84.81	84.72	84.69	84.54	84.50	84.52	84.63	84.50	84.61	84.64	84.76	84.44	84.54	84.39	84.60	84.63	84.43	84.48	84.41	84.01	84.53	84.57	84.66	84.53	84.43	84.41	84.58	84.43	84.64	84.54	84.41	84.59	83.26	85.98	80.61	90.36	91.14	91.50	80.06	80.61	80.19	80.08	84.71	80.87	91.49	85.76	80.53
Ensifer_sp_LC11	91.18	91.30	91.41	91.61	85.08	85.48	91.15	91.34	80.28	81.10	81.16	81.23	81.22	81.22	81.13	81.54	85.15	81.74	91.24	80.77	80.31	85.16	91.61	81.16	100	100.00	99.99	86.03	85.87	100.00	85.88	80.54	85.12	80.66	85.14	91.29	85.12	85.17	91.19	91.20	85.20	85.15	85.12	91.68	85.05	91.16	91.29	91.21	91.17	80.73	80.90	81.15	91.22	91.10	80.79	81.04	81.05	81.19	81.25	80.59	81.17	81.10	81.07	81.19	81.11	81.09	81.15	81.32	81.13	81.28	81.04	80.97	81.16	81.14	79.89	79.75	79.76	79.84	79.72	79.70	79.90	79.80	79.75	79.64	79.88	79.95	79.71	79.90	79.81	79.39	79.88	80.24	79.74	79.92	80.76	80.43	80.58	80.75	80.72	80.41	80.76	80.80	80.58	80.54	80.79	80.61	80.69	80.26	80.87	81.10	80.96	80.66	80.67	80.64	80.42	80.80	80.72	80.57	80.72	80.82	80.67	80.61	80.57	80.72	80.49	80.75	80.71	80.69	80.78	80.27	80.72	80.71	80.71	80.58	80.56	80.74	80.74	80.56	80.71	80.76	80.53	80.70	79.70	81.24	85.17	81.08	81.15	81.19	91.20	91.45	91.17	91.22	80.69	91.54	81.25	81.10	91.41
Ensifer_sp_LC13	91.19	91.31	91.41	91.62	85.09	85.49	91.16	91.35	80.28	81.12	81.18	81.24	81.23	81.24	81.14	81.55	85.15	81.76	91.20	80.78	80.32	85.17	91.62	81.17	100.00	100	99.99	86.05	85.90	100.00	85.90	80.53	85.14	80.67	85.16	91.30	85.13	85.17	91.20	91.20	85.20	85.15	85.13	91.68	85.05	91.17	91.31	91.22	91.17	80.74	80.90	81.16	91.24	91.12	80.82	81.03	81.04	81.20	81.24	80.62	81.18	81.11	81.08	81.19	81.10	81.07	81.15	81.29	81.08	81.29	81.05	80.98	81.19	81.17	79.91	79.77	79.77	79.86	79.73	79.72	79.91	79.80	79.76	79.66	79.90	79.96	79.71	79.91	79.82	79.42	79.89	80.24	79.75	79.83	80.63	80.28	80.60	80.69	80.34	80.43	80.79	80.83	80.61	80.57	80.80	80.63	80.67	80.29	80.88	81.13	80.90	80.52	80.68	80.53	80.32	80.63	80.73	80.56	80.73	80.71	80.68	80.62	80.58	80.60	80.51	80.76	80.57	80.69	80.68	79.94	80.74	80.73	80.68	80.60	80.57	80.61	80.68	80.57	80.60	80.66	80.54	80.70	79.72	81.25	85.18	81.10	81.14	81.20	91.21	91.46	91.17	91.23	80.71	91.55	81.24	81.12	91.42
Ensifer_sp_LC14	91.18	91.30	91.40	91.61	85.08	85.47	91.16	91.36	80.27	81.10	81.17	81.23	81.22	81.21	81.13	81.53	85.17	81.74	91.20	80.77	80.31	85.17	91.61	81.18	99.99	99.99	100	86.03	85.88	99.99	85.88	80.52	85.14	80.67	85.14	91.29	85.12	85.15	91.20	91.19	85.19	85.14	85.12	91.67	85.05	91.15	91.29	91.21	91.17	80.74	80.89	81.14	91.23	91.12	80.79	81.04	81.04	81.20	81.25	80.61	81.16	81.10	81.06	81.19	81.10	81.08	81.13	81.28	81.08	81.23	81.04	80.98	81.16	81.14	79.91	79.78	79.79	79.87	79.74	79.74	79.94	79.82	79.78	79.66	79.91	79.96	79.72	79.93	79.82	79.42	79.91	80.25	79.77	79.85	80.63	80.28	80.60	80.68	80.34	80.44	80.79	80.81	80.61	80.57	80.80	80.64	80.68	80.31	80.88	81.12	80.91	80.52	80.68	80.53	80.36	80.63	80.74	80.56	80.72	80.71	80.68	80.61	80.57	80.60	80.51	80.77	80.57	80.70	80.68	79.94	80.74	80.72	80.68	80.59	80.57	80.61	80.67	80.57	80.59	80.66	80.54	80.71	79.73	81.26	85.18	81.08	81.15	81.20	91.20	91.45	91.17	91.23	80.69	91.55	81.25	81.11	91.42
Ensifer_sp_LC163	85.24	85.33	85.26	85.68	93.45	95.36	85.19	85.25	79.98	81.45	81.53	81.53	81.45	81.53	81.55	81.58	92.64	82.29	85.47	80.59	80.61	93.60	85.65	81.19	86.03	86.05	86.03	100	98.90	86.04	98.91	80.40	92.63	80.92	93.62	85.29	93.42	93.52	85.05	85.05	93.54	93.43	93.43	85.68	93.39	85.17	85.32	85.07	85.05	81.12	80.97	81.55	85.05	85.36	81.11	81.19	81.21	81.49	81.56	80.66	81.23	81.05	81.18	81.24	81.28	81.07	81.09	81.35	81.17	81.25	81.46	81.13	81.30	81.31	80.33	80.06	80.09	80.28	79.98	80.06	80.37	80.21	80.08	80.01	80.28	80.36	80.24	80.33	80.20	79.83	80.21	80.43	80.25	80.21	81.15	80.83	81.13	80.90	81.00	80.82	81.07	80.92	81.10	80.87	81.04	81.09	81.07	81.08	81.14	81.25	81.31	81.09	81.11	80.97	80.98	81.09	81.02	80.89	81.15	81.09	81.12	81.01	80.84	81.01	80.90	81.02	80.99	80.97	81.01	80.41	80.91	80.91	81.00	81.04	80.92	80.93	80.96	80.99	81.04	81.15	81.00	80.86	80.10	81.34	92.76	81.26	81.47	81.49	85.15	85.54	85.07	85.16	80.84	85.77	81.56	81.39	85.36
Ensifer_sp_LC384	85.20	85.30	85.17	85.51	93.38	95.36	84.99	85.12	80.00	81.38	81.35	81.52	81.48	81.52	81.53	81.69	92.46	82.15	85.40	80.56	80.60	93.44	85.60	81.25	85.87	85.90	85.88	98.90	100	85.90	99.99	80.30	92.40	80.87	93.37	85.27	93.31	93.43	84.94	84.94	93.47	93.34	93.32	85.55	93.14	85.10	85.27	84.96	84.94	81.06	80.94	81.51	84.95	85.27	81.07	81.16	81.19	81.36	81.45	80.63	81.27	81.11	81.24	81.24	81.30	81.08	81.12	81.14	81.03	81.06	81.37	81.00	81.32	81.33	80.35	80.09	80.13	80.29	80.04	80.10	80.36	80.16	80.11	80.04	80.27	80.33	80.20	80.28	80.11	79.70	80.21	80.36	80.10	80.23	81.12	80.76	81.09	80.90	80.64	80.78	80.95	80.99	80.92	80.81	81.04	81.02	80.97	80.89	81.18	81.51	81.29	81.04	81.04	80.93	80.92	80.98	80.96	80.81	81.04	81.06	81.00	81.02	80.78	80.92	80.98	81.03	81.00	80.90	80.92	80.49	80.90	80.81	80.94	80.95	80.89	80.67	80.81	80.98	80.94	81.11	80.90	80.92	80.06	81.27	92.62	81.17	81.36	81.36	85.07	85.54	84.92	84.80	80.85	85.70	81.45	81.30	85.16
Ensifer_sp_LC499	91.19	91.30	91.41	91.59	85.08	85.48	91.16	91.36	80.26	81.09	81.15	81.21	81.20	81.21	81.11	81.52	85.15	81.74	91.19	80.76	80.30	85.17	91.60	81.15	100.00	100.00	99.99	86.04	85.90	100	85.90	80.50	85.13	80.65	85.15	91.30	85.13	85.18	91.19	91.20	85.20	85.15	85.13	91.66	85.05	91.15	91.30	91.21	91.18	80.72	80.89	81.13	91.23	91.12	80.79	81.01	81.01	81.17	81.22	80.59	81.16	81.08	81.05	81.18	81.10	81.07	81.14	81.27	81.05	81.26	81.02	80.97	81.16	81.14	79.88	79.74	79.75	79.84	79.70	79.69	79.88	79.79	79.74	79.63	79.88	79.94	79.69	79.89	79.81	79.39	79.87	80.21	79.73	79.80	80.60	80.25	80.57	80.67	80.31	80.40	80.75	80.79	80.58	80.54	80.77	80.61	80.65	80.25	80.85	81.10	80.88	80.49	80.66	80.50	80.32	80.60	80.71	80.56	80.70	80.68	80.66	80.59	80.56	80.57	80.49	80.74	80.55	80.66	80.66	79.92	80.71	80.71	80.65	80.58	80.55	80.59	80.65	80.54	80.57	80.63	80.52	80.68	79.70	81.23	85.18	81.08	81.13	81.17	91.20	91.44	91.17	91.22	80.68	91.54	81.22	81.09	91.42
Ensifer_sp_LC54	85.20	85.30	85.18	85.53	93.44	95.37	84.99	85.13	80.04	81.43	81.39	81.56	81.52	81.54	81.56	81.71	92.47	82.18	85.42	80.59	80.65	93.46	85.61	81.30	85.88	85.90	85.88	98.91	99.99	85.90	100	80.34	92.40	80.91	93.36	85.26	93.32	93.44	84.93	84.94	93.48	93.34	93.33	85.57	93.16	85.09	85.27	84.96	84.94	81.08	80.99	81.55	84.94	85.27	81.10	81.18	81.23	81.39	81.48	80.65	81.32	81.13	81.24	81.27	81.32	81.13	81.14	81.28	81.07	81.18	81.37	81.03	81.35	81.36	80.35	80.12	80.14	80.32	80.06	80.11	80.38	80.18	80.13	80.03	80.30	80.35	80.23	80.31	80.14	79.73	80.24	80.40	80.14	80.24	81.14	80.78	81.11	80.94	80.99	80.84	80.99	80.99	80.97	80.84	81.07	81.08	81.01	80.92	81.21	81.54	81.31	81.06	81.07	80.94	80.86	81.02	80.98	80.84	81.04	81.08	81.02	81.04	80.83	80.94	80.99	81.06	81.03	80.91	80.94	80.47	80.92	80.84	80.94	80.95	80.91	80.86	80.85	81.00	80.96	81.14	80.94	80.95	80.10	81.32	92.62	81.21	81.39	81.39	85.09	85.57	84.92	84.80	80.86	85.71	81.47	81.33	85.18
Ensifer_sp_LCM_4579	79.70	80.03	80.23	80.33	79.83	80.20	79.92	79.85	95.02	84.61	84.18	84.43	85.12	85.14	84.69	84.66	79.90	83.24	80.56	84.34	91.51	79.94	80.10	84.27	80.54	80.53	80.52	80.40	80.30	80.50	80.34	100	79.80	82.83	79.66	79.91	79.75	79.59	79.78	79.80	79.58	79.76	79.72	80.24	79.58	79.90	79.92	79.79	79.73	83.31	83.06	84.57	79.61	80.06	84.16	84.09	84.10	84.39	84.46	84.16	84.42	84.56	84.52	84.66	84.41	84.67	84.39	84.16	84.35	84.47	84.38	84.32	84.61	84.42	82.52	82.09	82.07	82.38	82.12	82.00	82.30	82.18	82.19	81.92	82.45	82.39	82.23	82.40	82.37	81.79	82.48	82.71	82.45	82.43	83.22	82.68	83.16	82.93	83.17	83.01	83.16	83.34	83.20	82.98	83.38	83.15	83.17	82.83	83.28	83.68	83.49	83.22	83.25	83.08	82.91	83.07	83.22	83.02	83.18	83.31	83.24	83.04	82.78	82.94	83.17	83.23	83.31	83.14	83.26	82.82	83.08	83.16	83.16	83.26	83.02	83.11	83.12	83.26	83.26	83.18	83.11	83.19	82.19	84.24	79.96	84.46	84.50	84.41	79.65	79.89	79.66	79.91	83.13	80.21	84.46	84.51	79.92
Ensifer_sp_M14	84.30	84.70	84.71	84.91	92.36	92.40	84.10	84.41	79.33	80.71	80.64	80.71	80.68	80.70	80.81	80.82	94.88	81.18	84.51	79.62	79.88	92.54	84.91	80.40	85.12	85.14	85.14	92.63	92.40	85.13	92.40	79.80	100	80.22	92.46	84.62	92.56	92.46	84.34	84.35	92.54	92.54	92.57	84.95	92.49	84.45	84.68	84.36	84.33	80.17	80.18	80.67	84.14	84.68	80.26	80.36	80.41	80.77	80.68	80.13	80.48	80.41	80.39	80.58	80.54	80.49	80.31	80.44	80.28	80.48	80.59	80.40	80.56	80.14	79.84	79.49	79.55	79.81	79.49	79.44	79.90	79.72	79.54	79.44	79.88	79.86	79.76	79.80	79.75	79.39	79.92	79.90	79.79	79.72	80.25	79.91	80.23	80.19	80.15	79.89	80.10	80.25	80.12	80.17	80.46	80.35	80.26	80.11	80.35	80.74	80.47	80.22	80.34	80.21	80.13	80.22	80.28	80.30	80.38	80.38	80.29	80.07	80.09	80.20	80.23	80.31	80.28	80.28	80.48	79.66	80.25	80.08	80.19	80.23	80.22	80.07	80.16	80.31	80.32	80.19	79.92	80.29	79.58	80.47	98.93	80.22	80.59	80.77	84.37	84.59	84.29	84.32	80.15	85.02	80.68	80.46	84.47
Ensifer_sp_MMN_5	79.84	79.98	80.41	80.38	80.17	80.45	80.22	80.16	82.94	86.19	86.09	86.17	86.15	86.16	86.11	84.61	80.34	84.33	80.58	84.05	83.25	80.20	80.29	84.51	80.66	80.67	80.67	80.92	80.87	80.65	80.91	82.83	80.22	100	80.01	80.06	80.05	80.05	79.92	79.93	80.01	80.05	80.02	80.39	79.95	79.91	79.88	79.93	79.91	95.70	94.99	86.40	79.72	80.22	84.48	84.46	84.45	84.52	84.48	92.16	84.41	84.45	84.47	84.37	84.40	84.33	84.34	84.39	84.41	84.12	84.29	84.18	84.65	84.74	90.83	90.58	90.73	90.75	90.69	90.67	90.62	90.67	90.76	90.51	90.88	90.92	90.65	90.80	90.91	90.75	90.89	90.99	90.91	90.86	95.75	95.15	95.74	99.00	95.46	95.22	95.14	97.86	95.56	95.08	95.72	95.47	95.35	94.96	95.58	95.80	95.80	95.71	95.68	95.52	95.31	95.39	95.63	95.49	95.51	95.66	95.73	95.63	95.42	95.42	95.68	95.67	95.64	95.62	95.69	95.13	95.66	95.43	95.50	95.70	95.59	95.35	95.57	95.52	95.61	95.74	95.50	95.69	90.86	85.50	80.51	84.54	84.60	84.51	79.94	80.34	79.82	79.98	99.45	80.34	84.48	86.01	80.04
Ensifer_sp_NM_2	84.09	84.24	84.38	85.08	98.70	93.15	84.08	84.19	79.28	80.44	80.47	80.56	80.48	80.45	80.56	80.65	91.97	81.10	84.62	79.91	79.93	98.97	84.87	80.38	85.14	85.16	85.14	93.62	93.37	85.15	93.36	79.66	92.46	80.01	100	84.19	99.17	99.32	84.00	84.02	99.17	99.17	99.18	85.02	98.95	84.25	84.26	84.02	84.00	80.02	80.03	80.58	83.91	84.49	80.06	80.16	80.11	80.64	80.57	79.93	80.35	80.25	80.25	80.43	80.37	80.26	80.25	80.39	80.22	80.28	80.38	80.38	80.41	80.16	79.39	79.14	79.14	79.45	79.13	79.13	79.49	79.31	79.20	79.16	79.45	79.47	79.32	79.45	79.35	79.00	79.41	79.46	79.31	79.31	80.15	79.78	80.17	80.09	79.88	79.95	80.01	80.05	80.21	80.03	80.30	80.21	80.07	80.00	80.06	80.79	80.42	80.12	80.16	79.95	80.06	80.17	80.13	80.10	80.21	80.23	80.15	80.03	79.98	79.99	80.06	80.09	80.21	80.20	80.31	79.68	80.07	80.03	80.11	80.21	79.99	80.00	80.07	79.95	80.20	80.17	79.97	80.06	79.19	80.58	92.57	80.30	80.59	80.64	84.09	84.79	84.08	84.02	79.96	84.93	80.58	80.27	84.52
Ensifer_sp_OV372	98.88	99.70	93.85	90.98	84.28	84.80	93.28	98.99	79.53	80.36	80.41	80.48	80.43	80.46	80.46	80.77	84.67	80.94	90.76	79.98	79.80	84.31	91.07	80.27	91.29	91.30	91.29	85.29	85.27	91.30	85.26	79.91	84.62	80.06	84.19	100	84.23	84.24	98.98	98.99	84.22	84.25	84.25	91.09	84.10	99.45	99.53	98.99	99.00	80.04	80.16	80.58	98.64	95.69	80.22	80.23	80.30	80.36	80.42	80.00	80.34	80.14	80.35	80.36	80.25	80.24	80.16	80.23	80.19	80.37	80.22	80.20	80.40	80.08	79.46	79.27	79.33	79.40	79.21	79.30	79.47	79.38	79.28	79.23	79.44	79.54	79.32	79.46	79.30	79.14	79.49	79.61	79.30	79.50	80.18	79.84	80.16	80.10	80.26	79.98	80.16	80.20	80.31	80.09	80.33	80.38	80.22	80.04	80.40	80.70	80.45	80.25	80.13	80.05	80.19	80.23	80.13	80.14	80.26	80.20	80.21	80.09	79.90	80.23	80.19	80.14	80.18	80.26	80.27	79.79	80.17	80.21	80.12	80.17	80.06	80.23	80.31	80.25	80.18	80.16	80.07	80.02	79.41	80.53	84.61	80.09	80.42	80.36	98.56	91.05	98.95	99.07	79.99	90.98	80.43	80.18	90.88
Ensifer_sp_Root1252	84.15	84.29	84.42	85.06	98.83	93.09	84.09	84.22	79.36	80.53	80.48	80.63	80.54	80.57	80.60	80.70	92.08	81.08	84.58	79.83	79.92	98.89	84.93	80.32	85.12	85.13	85.12	93.42	93.31	85.13	93.32	79.75	92.56	80.05	99.17	84.23	100	99.44	83.99	84.00	99.16	99.98	99.98	84.97	99.19	84.30	84.28	84.01	84.01	80.16	80.20	80.56	84.06	84.43	80.03	80.22	80.24	80.62	80.61	79.95	80.27	80.19	80.26	80.27	80.37	80.04	80.25	80.42	80.23	80.29	80.44	80.22	80.35	80.31	79.51	79.35	79.32	79.53	79.35	79.32	79.55	79.42	79.38	79.37	79.54	79.57	79.36	79.52	79.47	79.11	79.58	79.58	79.41	79.43	80.26	79.88	80.28	80.14	80.12	79.83	80.05	80.03	80.11	80.14	80.33	80.22	80.13	80.11	80.22	80.46	80.48	80.24	80.30	80.05	80.04	80.13	80.20	80.04	80.26	80.29	80.25	80.01	79.93	80.02	80.12	80.20	80.26	80.23	80.37	79.78	80.14	80.15	80.24	80.29	80.11	80.15	80.21	80.07	80.33	80.24	80.04	80.18	79.41	80.58	92.58	80.27	80.48	80.62	84.21	84.87	84.07	84.05	80.06	84.97	80.61	80.37	84.61
