Strains	Genome_files/Sinorhizobium/Ensifer_adhaerens_AG1206	Genome_files/Sinorhizobium/Ensifer_adhaerens_Casida_A	Genome_files/Sinorhizobium/Ensifer_adhaerens_L18	Genome_files/Sinorhizobium/Ensifer_adhaerens_M78	Genome_files/Sinorhizobium/Ensifer_adhaerens_OV14	Genome_files/Sinorhizobium/Ensifer_adhaerens_SD006	Genome_files/Sinorhizobium/Ensifer_adhaerens_ST2	Genome_files/Sinorhizobium/Ensifer_adhaerens_WJB133_25_10	Genome_files/Sinorhizobium/Ensifer_alkalisoli_YIC4027	Genome_files/Sinorhizobium/Ensifer_aridi_JNVU_TP6	Genome_files/Sinorhizobium/Ensifer_aridi_LEM451	Genome_files/Sinorhizobium/Ensifer_aridi_LEM457	Genome_files/Sinorhizobium/Ensifer_aridi_LMR001	Genome_files/Sinorhizobium/Ensifer_aridi_LMR013	Genome_files/Sinorhizobium/Ensifer_aridi_TW10	Genome_files/Sinorhizobium/Ensifer_glycinis_CCBAU_23380	Genome_files/Sinorhizobium/Ensifer_morelense_Lc04	Genome_files/Sinorhizobium/Ensifer_psoraleae_CCBAU_65732	Genome_files/Sinorhizobium/Ensifer_sesbaniae_CCBAU_65729	Genome_files/Sinorhizobium/Ensifer_shofinae_CCBAU_251167	Genome_files/Sinorhizobium/Ensifer_sojae_CCBAU_05684	Genome_files/Sinorhizobium/Ensifer_sp_1H6	Genome_files/Sinorhizobium/Ensifer_sp_AP48	Genome_files/Sinorhizobium/Ensifer_sp_BR816	Genome_files/Sinorhizobium/Ensifer_sp_LC11	Genome_files/Sinorhizobium/Ensifer_sp_LC13	Genome_files/Sinorhizobium/Ensifer_sp_LC14	Genome_files/Sinorhizobium/Ensifer_sp_LC163	Genome_files/Sinorhizobium/Ensifer_sp_LC384	Genome_files/Sinorhizobium/Ensifer_sp_LC499	Genome_files/Sinorhizobium/Ensifer_sp_LC54	Genome_files/Sinorhizobium/Ensifer_sp_LCM_4579	Genome_files/Sinorhizobium/Ensifer_sp_M14	Genome_files/Sinorhizobium/Ensifer_sp_MMN_5	Genome_files/Sinorhizobium/Ensifer_sp_NM_2	Genome_files/Sinorhizobium/Ensifer_sp_OV372	Genome_files/Sinorhizobium/Ensifer_sp_Root1252	Genome_files/Sinorhizobium/Ensifer_sp_Root127	Genome_files/Sinorhizobium/Ensifer_sp_Root1298	Genome_files/Sinorhizobium/Ensifer_sp_Root1312	Genome_files/Sinorhizobium/Ensifer_sp_Root142	Genome_files/Sinorhizobium/Ensifer_sp_Root231	Genome_files/Sinorhizobium/Ensifer_sp_Root258	Genome_files/Sinorhizobium/Ensifer_sp_Root278	Genome_files/Sinorhizobium/Ensifer_sp_Root31	Genome_files/Sinorhizobium/Ensifer_sp_Root423	Genome_files/Sinorhizobium/Ensifer_sp_Root558	Genome_files/Sinorhizobium/Ensifer_sp_Root74	Genome_files/Sinorhizobium/Ensifer_sp_Root954	Genome_files/Sinorhizobium/Ensifer_sp_T2_8	Genome_files/Sinorhizobium/Ensifer_sp_USDA_6670	Genome_files/Sinorhizobium/Ensifer_sp_WSM1721	Genome_files/Sinorhizobium/Ensifer_sp_YR511	Genome_files/Sinorhizobium/Ensifer_sp_ZNC0028	Genome_files/Sinorhizobium/Sinorhizobium_americanum_CCGM7	Genome_files/Sinorhizobium/Sinorhizobium_americanum_CFNEI_156	Genome_files/Sinorhizobium/Sinorhizobium_americanum_CFNEI_73	Genome_files/Sinorhizobium/Sinorhizobium_americanum_FG01	Genome_files/Sinorhizobium/Sinorhizobium_americanum_NG07B	Genome_files/Sinorhizobium/Sinorhizobium_arboris_LMG_14919	Genome_files/Sinorhizobium/Sinorhizobium_fredii_CCBAU_05557	Genome_files/Sinorhizobium/Sinorhizobium_fredii_CCBAU_25509	Genome_files/Sinorhizobium/Sinorhizobium_fredii_CCBAU_45436	Genome_files/Sinorhizobium/Sinorhizobium_fredii_CCBAU_83622	Genome_files/Sinorhizobium/Sinorhizobium_fredii_CCBAU_83643	Genome_files/Sinorhizobium/Sinorhizobium_fredii_CCBAU_83666	Genome_files/Sinorhizobium/Sinorhizobium_fredii_CCBAU_83753	Genome_files/Sinorhizobium/Sinorhizobium_fredii_GR64	Genome_files/Sinorhizobium/Sinorhizobium_fredii_HH103	Genome_files/Sinorhizobium/Sinorhizobium_fredii_NGR234	Genome_files/Sinorhizobium/Sinorhizobium_fredii_NXT3	Genome_files/Sinorhizobium/Sinorhizobium_fredii_PCH1	Genome_files/Sinorhizobium/Sinorhizobium_fredii_USDA_205	Genome_files/Sinorhizobium/Sinorhizobium_fredii_USDA_257	Genome_files/Sinorhizobium/Sinorhizobium_medicae_DI28	Genome_files/Sinorhizobium/Sinorhizobium_medicae_Str10	Genome_files/Sinorhizobium/Sinorhizobium_medicae_Str11	Genome_files/Sinorhizobium/Sinorhizobium_medicae_Str12	Genome_files/Sinorhizobium/Sinorhizobium_medicae_Str13	Genome_files/Sinorhizobium/Sinorhizobium_medicae_Str14	Genome_files/Sinorhizobium/Sinorhizobium_medicae_Str15	Genome_files/Sinorhizobium/Sinorhizobium_medicae_Str16	Genome_files/Sinorhizobium/Sinorhizobium_medicae_Str17	Genome_files/Sinorhizobium/Sinorhizobium_medicae_Str18	Genome_files/Sinorhizobium/Sinorhizobium_medicae_Str1	Genome_files/Sinorhizobium/Sinorhizobium_medicae_Str3	Genome_files/Sinorhizobium/Sinorhizobium_medicae_Str6	Genome_files/Sinorhizobium/Sinorhizobium_medicae_Str7	Genome_files/Sinorhizobium/Sinorhizobium_medicae_Str8	Genome_files/Sinorhizobium/Sinorhizobium_medicae_Str9	Genome_files/Sinorhizobium/Sinorhizobium_medicae_WSM1115	Genome_files/Sinorhizobium/Sinorhizobium_medicae_WSM1369	Genome_files/Sinorhizobium/Sinorhizobium_medicae_WSM244	Genome_files/Sinorhizobium/Sinorhizobium_medicae_WSM419	Genome_files/Sinorhizobium/Sinorhizobium_meliloti_1021	Genome_files/Sinorhizobium/Sinorhizobium_meliloti_1A42	Genome_files/Sinorhizobium/Sinorhizobium_meliloti_2011	Genome_files/Sinorhizobium/Sinorhizobium_meliloti_4H41	Genome_files/Sinorhizobium/Sinorhizobium_meliloti_5A14	Genome_files/Sinorhizobium/Sinorhizobium_meliloti_A0641M	Genome_files/Sinorhizobium/Sinorhizobium_meliloti_A0643DD	Genome_files/Sinorhizobium/Sinorhizobium_meliloti_AC50a	Genome_files/Sinorhizobium/Sinorhizobium_meliloti_AE608H	Genome_files/Sinorhizobium/Sinorhizobium_meliloti_AK11	Genome_files/Sinorhizobium/Sinorhizobium_meliloti_AK170	Genome_files/Sinorhizobium/Sinorhizobium_meliloti_AK555	Genome_files/Sinorhizobium/Sinorhizobium_meliloti_AK58	Genome_files/Sinorhizobium/Sinorhizobium_meliloti_AK75	Genome_files/Sinorhizobium/Sinorhizobium_meliloti_AK83	Genome_files/Sinorhizobium/Sinorhizobium_meliloti_B399	Genome_files/Sinorhizobium/Sinorhizobium_meliloti_B401	Genome_files/Sinorhizobium/Sinorhizobium_meliloti_BL225C	Genome_files/Sinorhizobium/Sinorhizobium_meliloti_BM806	Genome_files/Sinorhizobium/Sinorhizobium_meliloti_BO21CC	Genome_files/Sinorhizobium/Sinorhizobium_meliloti_C0431A	Genome_files/Sinorhizobium/Sinorhizobium_meliloti_C0438LL	Genome_files/Sinorhizobium/Sinorhizobium_meliloti_CCMM_B554_FSM_MA	Genome_files/Sinorhizobium/Sinorhizobium_meliloti_CCNWSX0020	Genome_files/Sinorhizobium/Sinorhizobium_meliloti_CIAM1775	Genome_files/Sinorhizobium/Sinorhizobium_meliloti_CXM1_105	Genome_files/Sinorhizobium/Sinorhizobium_meliloti_DSM_23914	Genome_files/Sinorhizobium/Sinorhizobium_meliloti_GR4	Genome_files/Sinorhizobium/Sinorhizobium_meliloti_GVPV12	Genome_files/Sinorhizobium/Sinorhizobium_meliloti_H1	Genome_files/Sinorhizobium/Sinorhizobium_meliloti_HM006	Genome_files/Sinorhizobium/Sinorhizobium_meliloti_KH35c	Genome_files/Sinorhizobium/Sinorhizobium_meliloti_KH46	Genome_files/Sinorhizobium/Sinorhizobium_meliloti_L5_30	Genome_files/Sinorhizobium/Sinorhizobium_meliloti_M162	Genome_files/Sinorhizobium/Sinorhizobium_meliloti_M270	Genome_files/Sinorhizobium/Sinorhizobium_meliloti_Mlalz_1	Genome_files/Sinorhizobium/Sinorhizobium_meliloti_MVII_I	Genome_files/Sinorhizobium/Sinorhizobium_meliloti_Rm41	Genome_files/Sinorhizobium/Sinorhizobium_meliloti_RMO17	Genome_files/Sinorhizobium/Sinorhizobium_meliloti_RRl128	Genome_files/Sinorhizobium/Sinorhizobium_meliloti_RU11_011	Genome_files/Sinorhizobium/Sinorhizobium_meliloti_SM11	Genome_files/Sinorhizobium/Sinorhizobium_meliloti_T073	Genome_files/Sinorhizobium/Sinorhizobium_meliloti_USDA1021	Genome_files/Sinorhizobium/Sinorhizobium_meliloti_USDA1106	Genome_files/Sinorhizobium/Sinorhizobium_meliloti_USDA1157	Genome_files/Sinorhizobium/Sinorhizobium_meliloti_WSM1022	Genome_files/Sinorhizobium/Sinorhizobium_meliloti_WSM4191	Genome_files/Sinorhizobium/Sinorhizobium_saheli_LMG_7837	Genome_files/Sinorhizobium/Sinorhizobium_sp_A49	Genome_files/Sinorhizobium/Sinorhizobium_sp_BJ1	Genome_files/Sinorhizobium/Sinorhizobium_sp_CCBAU_05631	Genome_files/Sinorhizobium/Sinorhizobium_sp_FG01	Genome_files/Sinorhizobium/Sinorhizobium_sp_GL28	Genome_files/Sinorhizobium/Sinorhizobium_sp_GL2	Genome_files/Sinorhizobium/Sinorhizobium_sp_GW3	Genome_files/Sinorhizobium/Sinorhizobium_sp_LM21	Genome_files/Sinorhizobium/Sinorhizobium_sp_M4_45	Genome_files/Sinorhizobium/Sinorhizobium_sp_NFACC03	Genome_files/Sinorhizobium/Sinorhizobium_sp_NG07B	Genome_files/Sinorhizobium/Sinorhizobium_sp_PC2	Genome_files/Sinorhizobium/Sinorhizobium_sp_Sb3
Genome_files/Sinorhizobium/Ensifer_adhaerens_AG1206	100	98.6242	91.1552	87.71055	83.8138	84.02875	90.4143	98.50205	80.9816	81.47455	81.4613	81.5218	81.46245	81.4588	81.55075	81.8936	84.05815	81.50215	87.2042	81.4682	81.17005	83.7242	87.66375	81.895	87.3649	87.3314	87.37135	84.14735	84.1679	87.37295	84.11315	81.20195	84.0291	81.1953	83.67935	98.59225	83.745	83.724	98.51725	98.522	83.72245	83.7128	83.73755	87.65655	83.77485	98.48585	98.59335	98.53375	98.52545	81.33905	81.14315	81.4718	98.3603	92.77025	81.6885	81.6354	81.6403	81.8874	81.847	81.02225	82.0492	81.95515	81.9881	81.9497	81.97115	81.9543	81.96415	81.8912	81.96215	81.9904	81.91845	81.9536	81.90915	81.6854	80.20525	80.24575	80.2385	80.2585	80.2039	80.27055	80.25945	80.2439	80.21525	80.2958	80.24575	80.27715	80.30655	80.27095	80.22685	80.05195	80.31775	80.3042	80.2872	80.25665	81.2634	81.3029	81.26495	81.12155	81.26465	81.232	81.25345	80.98965	81.2681	81.3453	81.2926	81.2575	81.2968	81.3791	81.29755	81.26415	81.2376	81.355	81.27385	81.2831	81.29475	81.26365	81.25925	81.23565	81.30405	81.29775	81.30005	81.29505	81.284	81.28575	81.29845	81.2416	81.29675	81.2273	81.2775	81.2196	81.29085	81.2939	81.2975	81.25015	81.2114	81.27085	81.2648	81.3647	81.336	81.32255	81.3	81.25505	80.2763	82.2968	84.00825	81.61265	81.91485	81.8815	87.46205	87.46205	98.3874	98.5438	81.1114	87.57525	81.835	81.5201	87.48295
Genome_files/Sinorhizobium/Ensifer_adhaerens_Casida_A	98.6242	100	91.185	87.66415	83.84245	84.01095	90.56785	98.6034	80.9245	81.5207	81.51655	81.56365	81.4358	81.5594	81.55715	81.98355	84.0132	81.5946	87.24435	81.41805	81.17325	83.7198	87.6328	82.0394	87.38635	87.38745	87.40965	84.0661	84.0974	87.388	84.05155	81.2006	84.0447	81.21495	83.67755	99.5447	83.7603	83.7545	98.60255	98.6099	83.71345	83.7423	83.7898	87.6051	83.7405	99.42645	99.4792	98.59735	98.61415	81.27365	81.09235	81.4658	98.41035	92.79385	81.77645	81.67395	81.77855	81.87605	81.9185	81.15435	81.97345	81.98335	82.09295	81.90595	81.9088	81.9535	81.851	81.8325	81.98045	82.1338	82.03655	81.88075	81.92625	81.66725	80.2122	80.26355	80.23975	80.30445	80.1946	80.31435	80.33075	80.2624	80.2201	80.2728	80.26355	80.276	80.2986	80.2564	80.2738	80.02345	80.31335	80.21435	80.2471	80.34985	81.38815	81.3062	81.38115	81.20185	81.3495	81.2376	81.26385	81.0926	81.27035	81.22925	81.35155	81.33395	81.30345	81.34685	81.334	81.3244	81.35925	81.3614	81.31135	81.3554	81.28895	81.26025	81.35775	81.2156	81.2355	81.318	81.29475	81.3867	81.35595	81.3385	81.39215	81.4458	81.369	81.1692	81.4014	81.23135	81.312	81.27205	81.3574	81.3579	81.28165	81.35025	81.31475	81.38045	81.3306	81.41465	81.36425	81.31655	80.29795	82.3107	83.9557	81.5301	81.93155	81.8801	87.5262	87.5262	98.59105	98.68375	81.2102	87.5047	81.92655	81.59635	87.5293
Genome_files/Sinorhizobium/Ensifer_adhaerens_L18	91.1552	91.185	100	87.93675	83.89645	84.11875	92.1144	91.1617	81.03845	81.63275	81.55605	81.5783	81.61575	81.5522	81.631	82.07395	84.1587	81.6529	87.4873	81.50995	81.38025	83.8678	87.80465	82.06785	87.646	87.629	87.63535	84.19165	84.11465	87.6357	84.08305	81.3476	84.14125	81.2547	83.8249	91.11375	83.8588	83.80315	91.189	91.2009	83.7932	83.8798	83.87085	87.84885	83.81265	91.12385	91.0886	91.1882	91.19385	81.51685	81.25245	81.6633	91.16375	90.325	81.9475	81.92145	81.9502	82.17185	82.13815	81.12175	82.1621	82.144	82.18025	82.13635	82.1147	82.1886	82.0721	82.03005	82.04725	82.24395	82.1303	82.0953	82.1475	81.858	80.2395	80.2274	80.2673	80.22465	80.20055	80.2351	80.18995	80.19605	80.16055	80.33565	80.2274	80.2741	80.25265	80.2777	80.3017	80.1156	80.31795	80.265	80.26655	80.2355	81.3966	81.41375	81.41805	81.192	81.3731	81.3386	81.3586	81.21555	81.4005	81.38065	81.4028	81.41555	81.35625	81.46325	81.40645	81.43585	81.4595	81.426	81.4243	81.4469	81.3718	81.4357	81.4003	81.3559	81.35075	81.401	81.458	81.3943	81.47775	81.4199	81.45415	81.4335	81.4415	81.3394	81.42965	81.3128	81.40045	81.32895	81.40205	81.44885	81.44025	81.3584	81.4723	81.51145	81.384	81.38845	81.4064	81.38945	80.31445	82.47065	84.12935	81.7141	82.14165	82.1745	87.8448	87.8448	91.13565	91.1763	81.23475	87.80805	82.1427	81.62795	87.75075
Genome_files/Sinorhizobium/Ensifer_adhaerens_M78	87.71055	87.66415	87.93675	100	83.9703	84.3905	88.0097	87.7169	81.0547	81.58475	81.59335	81.558	81.56175	81.54925	81.6205	82.08205	84.02455	81.77175	89.68605	81.55205	81.26895	83.9296	95.1139	82.0729	87.79055	87.8038	87.78165	84.25625	84.226	87.82525	84.2795	81.279	84.07995	81.17425	83.93255	87.634	83.95345	83.97955	87.63255	87.6275	84.06335	83.9545	84.01035	95.1693	83.88375	87.6725	87.66995	87.65205	87.6187	81.40085	81.1606	81.5585	87.5519	87.6305	81.93505	81.8546	81.8604	81.86835	81.93845	81.0437	82.0197	82.00665	82.09815	82.0035	81.99265	82.0192	81.9632	81.96895	82.1332	82.13935	81.9745	81.9777	82.015	81.69945	80.27365	80.3183	80.30315	80.32875	80.3421	80.26215	80.3033	80.31635	80.27755	80.347	80.3183	80.4059	80.3458	80.26435	80.3058	80.0956	80.4818	80.342	80.3132	80.3345	81.3929	81.3655	81.3477	81.1825	81.38895	81.3587	81.4208	81.16495	81.46455	81.38425	81.3842	81.422	81.32595	81.45305	81.34455	81.42915	81.394	81.41745	81.32385	81.31225	81.33895	81.33205	81.39505	81.3025	81.3627	81.4496	81.40815	81.4002	81.36315	81.3589	81.4202	81.44605	81.44885	81.34925	81.4051	81.2199	81.329	81.3809	81.3943	81.4441	81.37555	81.4079	81.37745	81.4217	81.4143	81.40045	81.38345	81.43195	80.4346	82.36515	83.9837	81.78295	81.87875	81.8801	95.24075	95.24075	87.66755	87.723	81.1261	94.9857	81.9406	81.6092	95.05885
Genome_files/Sinorhizobium/Ensifer_adhaerens_OV14	83.8138	83.84245	83.89645	83.9703	100	90.27185	83.9677	83.7078	80.6767	81.3016	81.21875	81.2897	81.21105	81.1746	81.35655	81.60995	88.69055	81.38125	83.8315	81.24695	80.7848	99.11865	83.84195	81.77355	83.77925	83.7555	83.81625	90.3753	90.41555	83.7822	90.38865	80.8295	89.03795	80.9666	98.64475	83.7644	98.6055	98.63595	83.7176	83.70835	98.66755	98.5913	98.57995	83.9693	98.6027	83.8873	83.85855	83.76005	83.7117	81.1397	80.91245	81.1735	83.6321	83.81525	81.6267	81.51545	81.6132	81.6223	81.5094	80.79295	81.7318	81.65015	81.76995	81.6328	81.7022	81.63105	81.5195	81.59655	81.74965	81.8564	81.6626	81.7088	81.68865	81.4903	80.18555	80.18555	80.2076	80.22385	80.13805	80.21165	80.1922	80.1892	80.1718	80.21815	80.18555	80.27235	80.21385	80.2372	80.2159	79.99515	80.29015	80.21185	80.18145	80.32625	81.23915	81.139	81.25865	80.9301	81.2987	81.13875	81.1083	81.0421	81.3118	81.1021	81.23275	81.2592	81.13905	81.25075	81.11545	81.2061	81.1869	81.22315	81.0739	81.24165	81.09815	81.03325	81.2923	81.0194	81.13385	81.24	81.1237	81.11905	81.0678	81.2231	81.2914	81.24905	81.28325	81.18605	81.29415	81.2252	81.1362	81.14865	81.2426	81.2363	81.1236	81.22045	81.1985	81.2672	81.28655	81.2721	81.29665	81.12985	80.37895	81.8879	89.0701	81.39555	81.56155	81.615	83.83535	83.83535	83.6816	83.7318	80.90375	83.8295	81.51255	81.23215	83.88545
Genome_files/Sinorhizobium/Ensifer_adhaerens_SD006	84.02875	84.01095	84.11875	84.3905	90.27185	100	84.1048	83.85635	80.86885	81.3216	81.3407	81.38315	81.2806	81.2452	81.41455	81.74095	88.87785	81.53035	84.0981	81.32455	80.96625	90.3088	84.263	81.83745	84.1012	84.1302	84.1093	93.696	93.7318	84.1208	93.7377	81.03505	89.01395	80.95445	90.25905	83.9252	90.2401	90.2414	83.91905	83.9461	90.24145	90.20835	90.2415	84.2068	90.235	83.9067	84.07885	83.89215	83.8431	81.1924	80.86785	81.17995	83.83545	83.9849	81.699	81.62045	81.72435	81.70995	81.63975	80.8236	81.8107	81.8149	81.85375	81.8051	81.85735	81.77605	81.63565	81.8314	81.77405	81.79225	81.6785	81.7521	81.78425	81.5297	80.2558	80.26895	80.3018	80.2601	80.2293	80.25155	80.3199	80.2869	80.2114	80.23465	80.26895	80.3088	80.2652	80.29245	80.22265	80.16045	80.3127	80.18195	80.29785	80.24735	81.05855	81.125	81.0829	80.97765	81.16195	81.15025	81.1461	80.989	81.1854	81.04555	81.15855	81.2425	81.11435	81.0965	81.0813	81.0642	81.08605	81.1116	81.1021	81.1258	81.0503	81.1306	81.1789	80.9816	81.01715	81.12465	81.1104	81.15625	81.09625	81.0986	81.06595	81.1485	81.13645	81.09555	81.05805	81.0251	81.12425	81.1709	81.18735	81.1159	81.07525	81.1429	81.10755	81.1649	81.09245	81.09445	81.1067	81.1261	80.28195	82.00145	89.0233	81.54155	81.63715	81.7015	84.17985	84.17985	83.81895	83.77675	80.9511	84.16035	81.63465	81.2843	84.2725
Genome_files/Sinorhizobium/Ensifer_adhaerens_ST2	90.4143	90.56785	92.1144	88.0097	83.9677	84.1048	100	90.5471	81.22985	81.6724	81.6547	81.68995	81.6817	81.67075	81.7045	82.14675	84.1851	81.72555	87.42625	81.68245	81.34075	83.9082	87.8642	82.197	87.55805	87.5409	87.55265	84.19515	84.18885	87.568	84.20535	81.50615	83.98315	81.3063	83.8622	90.52915	83.8678	83.86355	90.5748	90.5887	83.9504	83.95705	83.9161	87.84865	83.85845	90.5203	90.5365	90.5508	90.60625	81.48825	81.37935	81.64545	90.4984	90.1054	82.10595	82.01165	82.0436	82.22385	82.1963	81.1726	82.25195	82.15135	82.2498	82.2881	82.1443	82.1904	82.14245	82.20245	82.20975	82.30455	82.15185	82.1595	82.15515	81.8772	80.37205	80.28285	80.41075	80.4032	80.31885	80.312	80.4208	80.36795	80.2873	80.4074	80.28285	80.3962	80.42015	80.39705	80.42785	80.2796	80.423	80.44325	80.39185	80.46055	81.58225	81.4494	81.5687	81.34915	81.48085	81.4564	81.44545	81.24735	81.51935	81.4868	81.60895	81.53675	81.5348	81.5161	81.527	81.53855	81.5673	81.4791	81.5791	81.49485	81.3955	81.4865	81.4973	81.497	81.45185	81.5523	81.48515	81.4782	81.5859	81.55795	81.5053	81.55005	81.58105	81.50225	81.51575	81.39315	81.5418	81.4345	81.5425	81.5685	81.53395	81.50125	81.5008	81.527	81.55215	81.58565	81.48705	81.57575	80.4553	82.69855	84.0691	81.86435	82.2165	82.22285	87.8491	87.8491	90.54495	90.48885	81.33995	87.8147	82.2074	81.68245	87.7176
Genome_files/Sinorhizobium/Ensifer_adhaerens_WJB133_25_10	98.50205	98.6034	91.1617	87.7169	83.7078	83.85635	90.5471	100	80.94795	81.48055	81.4829	81.53475	81.44505	81.50885	81.44285	81.95325	84.00955	81.46305	87.2014	81.30295	81.17475	83.6603	87.6829	81.89465	87.37975	87.36575	87.39305	84	84.03255	87.38285	83.95525	81.18005	83.91215	81.1914	83.5807	98.60855	83.64035	83.6577	98.7924	98.7894	83.6805	83.67585	83.6951	87.66385	83.63065	98.6513	98.5848	98.7908	98.79225	81.33	81.1347	81.3259	99.1564	92.69975	81.68505	81.59215	81.6047	81.82355	81.85205	81.0621	81.93445	81.79375	81.9282	81.85445	81.8548	81.8882	81.8438	81.81765	81.89765	82.0047	81.8698	81.8852	81.8775	81.5577	80.19285	80.1437	80.14865	80.2307	80.15005	80.2225	80.2367	80.16085	80.1672	80.1824	80.1437	80.2067	80.2787	80.2059	80.15445	79.98925	80.19145	80.21015	80.23785	80.2406	81.2375	81.2702	81.2325	81.17225	81.17125	81.1646	81.24655	81.04415	81.19495	81.17965	81.2767	81.26755	81.20955	81.25665	81.21375	81.26725	81.2473	81.2538	81.20415	81.27535	81.17775	81.15265	81.2399	81.22285	81.2086	81.27905	81.2246	81.22985	81.3077	81.2949	81.2877	81.2993	81.2759	81.14705	81.2922	81.1623	81.2653	81.20025	81.19165	81.2123	81.25785	81.25345	81.16705	81.27	81.21925	81.297	81.2629	81.27695	80.18105	82.26985	83.8964	81.5037	81.83325	81.817	87.6065	87.6065	98.82165	98.76805	81.1124	87.59245	81.85025	81.44445	87.5141
Genome_files/Sinorhizobium/Ensifer_alkalisoli_YIC4027	80.9816	80.9245	81.03845	81.0547	80.6767	80.86885	81.22985	80.94795	100	82.97495	82.85925	82.96835	82.94845	82.9708	82.93355	83.1989	80.6353	82.01285	81.8538	82.8414	89.43235	80.6479	80.8355	83.1085	81.0268	81.02135	81.00145	80.9348	80.88415	80.99475	80.84345	93.8341	80.63025	82.1298	80.65835	80.83755	80.7201	80.70185	80.96385	80.9616	80.66245	80.7367	80.7406	80.9313	80.7076	80.9463	80.93	80.9881	81.0001	82.08395	81.903	82.8996	80.9424	81.00845	82.88595	82.8566	82.86555	82.92565	82.99105	81.877	83.03145	83.1264	83.0989	83.0335	83.0546	83.0784	83.13665	83.01385	83.0966	83.3391	83.01565	83.1719	83.15815	82.92715	80.94315	80.952	80.99835	81.0242	81.0209	81.01735	80.9447	80.94465	80.96055	81.0134	80.952	80.95955	80.9913	81.0112	80.98575	80.8418	81.014	80.9525	80.9824	81.04655	82.02185	82.0555	82.0597	82.0003	82.0905	82.0365	82.0037	82.4122	82.1005	82.03265	82.12755	82.0517	82.0938	82.0819	82.0831	82.0286	82.04455	82.07815	81.99405	82.02065	82.01725	81.96925	82.12825	81.97655	82.0377	82.05885	82.0371	82.1173	82.1011	82.0607	82.111	82.1424	82.08535	82.08235	82.0546	81.90745	82.06385	82.05125	82.06145	82.054	82.07605	82.08625	82.10395	82.06375	82.06445	82.0602	82.08465	82.17125	81.06265	83.67015	80.5907	83.0006	82.97395	82.9296	80.95865	80.95865	80.9075	80.8815	82.02185	80.80075	82.9955	82.9565	80.91265
Genome_files/Sinorhizobium/Ensifer_aridi_JNVU_TP6	81.47455	81.5207	81.63275	81.58475	81.3016	81.3216	81.6724	81.48055	82.97495	100	98.29665	98.6398	98.55675	98.4414	99.73445	84.4163	81.12165	83.21435	81.88495	84.13045	83.2115	81.24575	81.5411	83.8381	81.52405	81.50535	81.51865	81.4062	81.40245	81.5185	81.4112	83.21195	81.1855	83.6315	81.26445	81.4078	81.29315	81.21245	81.4679	81.4547	81.3107	81.3115	81.2891	81.5647	81.3275	81.444	81.5113	81.43865	81.4688	83.859	83.70115	94.73825	81.40935	81.4566	83.8048	83.76445	83.7266	83.8111	83.81125	83.6228	84.19775	84.23015	84.21205	84.1963	84.2018	84.29755	84.2301	83.86535	84.1451	84.22285	83.88705	84.2616	84.1956	84.3377	82.3845	82.39385	82.325	82.3623	82.409	82.3313	82.40435	82.33015	82.31925	82.42625	82.39385	82.43415	82.4145	82.3611	82.3982	82.11715	82.4228	82.44505	82.3769	82.4031	83.85915	83.82525	83.88995	83.6203	83.85	83.76615	83.77465	83.65945	83.9438	83.8062	83.9294	83.85395	83.81045	83.82775	83.82365	83.8999	83.9059	83.7632	83.885	83.86305	83.7538	83.8075	83.8979	83.89095	83.7816	83.8943	83.7839	83.9326	83.7974	83.81125	83.86355	83.87565	83.85845	83.83565	83.84735	83.6665	83.842	83.9437	83.8056	83.94845	83.80625	83.76725	83.76835	83.85015	83.83585	83.8555	83.8933	83.978	82.4524	85.6686	81.2047	85.08475	84.13235	83.8123	81.52525	81.52525	81.4242	81.48275	83.68995	81.50025	83.81115	99.01055	81.5909
Genome_files/Sinorhizobium/Ensifer_aridi_LEM451	81.4613	81.51655	81.55605	81.59335	81.21875	81.3407	81.6547	81.4829	82.85925	98.29665	100	98.959	98.6658	98.5913	98.2843	84.30935	81.0306	83.03785	81.8372	83.8141	83.1398	81.19115	81.55545	84.1009	81.52315	81.48845	81.51175	81.44575	81.37755	81.52495	81.33045	82.89685	81.08795	83.53105	81.14725	81.4187	81.18165	81.19045	81.43325	81.42665	81.21835	81.1884	81.2042	81.53095	81.1997	81.43655	81.42175	81.40105	81.4055	83.79685	83.77815	94.58655	81.36755	81.4744	84.2032	84.10415	84.0386	84.17795	84.17545	83.4773	84.00155	84.0876	83.93955	84.18375	84.0577	84.05175	83.9543	84.284	83.8633	84.0826	84.34835	83.91	84.1107	84.22915	82.31465	82.221	82.24165	82.2961	82.2772	82.27715	82.24705	82.2939	82.2681	82.3417	82.221	82.2776	82.27685	82.335	82.3398	82.0353	82.38295	82.2298	82.3179	82.2955	83.75465	83.694	83.7612	83.782	83.8403	83.7508	83.74135	83.5318	83.8394	83.7757	83.9665	83.8938	83.82445	83.8162	83.73135	83.84695	83.83015	83.81465	83.7682	83.7664	83.72115	83.7324	83.8087	83.80075	83.80895	83.87335	83.80135	83.86575	84.0736	83.7626	83.7686	83.7643	83.8474	83.8518	83.7505	83.5723	83.75555	83.76285	83.7752	83.95475	83.7907	83.7347	83.7937	83.816	83.8772	83.79675	83.8501	83.77435	82.3635	85.6078	81.07105	84.26355	83.89255	84.1744	81.6061	81.6061	81.42005	81.46985	83.6068	81.4942	84.17645	98.2869	81.55415
Genome_files/Sinorhizobium/Ensifer_aridi_LEM457	81.5218	81.56365	81.5783	81.558	81.2897	81.38315	81.68995	81.53475	82.96835	98.6398	98.959	100	99.173	99.12715	98.63345	84.26075	81.0965	83.21605	81.8384	83.9488	83.08795	81.2468	81.53845	84.0591	81.54035	81.4996	81.5464	81.4512	81.4352	81.5501	81.4572	82.97625	81.11675	83.5527	81.18095	81.44155	81.21965	81.1869	81.516	81.5036	81.25175	81.18695	81.22445	81.49775	81.23985	81.4514	81.4684	81.51335	81.4941	83.8592	83.68675	94.78065	81.4675	81.4862	83.9964	83.91455	83.88515	84.0262	83.9467	83.4872	83.9899	84.07115	84.01925	84.0727	84.0466	84.0454	83.9999	84.1425	83.9619	84.13585	84.0599	83.9446	84.094	84.3475	82.39055	82.26455	82.3582	82.31865	82.30755	82.3679	82.2979	82.31575	82.29145	82.3694	82.26455	82.39345	82.3315	82.36955	82.39295	82.1021	82.43765	82.35195	82.38655	82.407	83.7442	83.79675	83.80915	83.76235	83.8406	83.7638	83.78705	83.51645	83.8657	83.82715	83.8783	83.88885	83.79295	83.854	83.8288	83.8041	83.7944	83.83245	83.8346	83.8378	83.79775	83.77075	83.75565	83.74165	83.7655	83.8916	83.86345	83.82885	83.8989	83.7597	83.8162	83.77895	83.8457	83.8408	83.79695	83.62465	83.77455	83.86635	83.89335	83.84185	83.7897	83.8068	83.801	83.8655	83.9151	83.8163	83.82815	83.79395	82.3468	85.6332	81.15065	84.2597	83.8018	84.0197	81.51135	81.51135	81.5255	81.53305	83.5782	81.4793	83.94855	98.82555	81.58645
Genome_files/Sinorhizobium/Ensifer_aridi_LMR001	81.46245	81.4358	81.61575	81.56175	81.21105	81.2806	81.6817	81.44505	82.94845	98.55675	98.6658	99.173	100	99.3756	98.50235	84.31915	81.07285	83.2898	81.9884	83.9486	83.0389	81.1804	81.56385	83.8613	81.57445	81.54805	81.53885	81.41775	81.4281	81.53125	81.4104	83.94625	81.047	83.62515	81.18905	81.42385	81.24315	81.20665	81.40845	81.4182	81.26005	81.2564	81.25415	81.56015	81.22405	81.421	81.36475	81.41	81.42945	83.86015	83.65485	94.68305	81.3586	81.41935	83.79685	83.7534	83.74635	83.80265	83.77565	84.8793	84.08555	84.0888	84.06695	83.99475	84.0579	84.04365	84.0478	83.83025	83.98265	84.1101	83.85855	84.07505	84.1002	84.2897	82.4462	82.3628	82.3814	82.4032	82.41775	82.36605	82.42815	82.4517	82.39095	82.3399	82.3628	82.48675	82.45565	82.4097	82.36925	82.18	82.5262	82.35975	82.35075	82.4976	83.828	83.84375	83.84555	83.55675	83.92955	83.8694	83.93065	83.69845	83.99305	83.87915	83.92525	83.9269	83.9053	84.0539	83.91085	83.93305	83.8657	83.87665	83.7913	83.9667	83.74605	83.87675	83.8306	83.8706	83.95665	83.94155	83.81415	83.9643	83.859	83.90675	83.85465	83.97625	83.91835	83.87345	83.9131	83.6585	83.79715	83.9198	83.9359	83.99505	83.8457	83.9249	83.8752	83.9637	83.98635	83.90295	83.90375	83.766	82.52645	85.76935	81.13625	84.25045	83.94175	83.7963	81.5297	81.5297	81.4128	81.40865	83.59015	81.439	83.776	98.74935	81.59365
Genome_files/Sinorhizobium/Ensifer_aridi_LMR013	81.4588	81.5594	81.5522	81.54925	81.1746	81.2452	81.67075	81.50885	82.9708	98.4414	98.5913	99.12715	99.3756	100	98.35965	84.21815	81.09055	83.2251	81.93	83.9127	83.04295	81.1873	81.53135	83.7846	81.6365	81.6	81.5467	81.46	81.4327	81.6015	81.42095	83.96385	81.07935	83.6159	81.1621	81.43005	81.23375	81.1787	81.4428	81.43895	81.23295	81.23875	81.18875	81.4974	81.24205	81.38825	81.45365	81.41415	81.45775	83.83085	83.7224	94.5552	81.4055	81.4794	83.7177	83.68725	83.6875	83.6903	83.69115	84.73805	84.04415	84.02795	84.0372	83.97495	84.0342	84.0388	84.0344	83.8701	83.93585	84.0771	83.67935	84.04305	84.0575	84.22995	82.3506	82.3049	82.3321	82.31065	82.3421	82.3294	82.33945	82.34645	82.32185	82.4081	82.3049	82.3567	82.354	82.3532	82.38495	82.0989	82.46325	82.3516	82.33235	82.3766	83.80245	83.80695	83.82375	83.6257	83.8745	83.74615	83.83515	83.68665	83.93815	83.7817	83.85605	83.9115	83.84155	83.78705	83.79605	83.83095	83.82635	83.8405	83.7541	83.81795	83.70365	83.7104	83.851	83.7866	83.8269	83.8595	83.8142	83.84765	83.72315	83.74225	83.79025	83.84385	83.8831	83.83875	83.84415	83.62575	83.7327	83.8944	83.84045	83.8798	83.73555	83.8475	83.78255	83.85565	83.8819	83.80965	83.8271	83.8009	82.45525	85.74345	81.0876	84.2127	83.79145	83.6943	81.5051	81.5051	81.4576	81.4881	83.7	81.46095	83.6977	98.5758	81.5071
Genome_files/Sinorhizobium/Ensifer_aridi_TW10	81.55075	81.55715	81.631	81.6205	81.35655	81.41455	81.7045	81.44285	82.93355	99.73445	98.2843	98.63345	98.50235	98.35965	100	84.43065	81.0834	83.2907	81.90325	84.132	83.2282	81.29655	81.5402	83.8827	81.652	81.62935	81.6323	81.499	81.47435	81.6463	81.4534	83.2586	81.1975	83.57565	81.29945	81.44785	81.2854	81.2435	81.47825	81.4949	81.3071	81.32545	81.2691	81.56885	81.32305	81.45545	81.5263	81.4866	81.44545	83.82795	83.65105	94.62305	81.3726	81.50825	83.83925	83.80825	83.8139	83.83085	83.81865	83.63275	84.18555	84.30615	84.229	84.17225	84.1896	84.282	84.2455	83.90795	84.1758	84.31875	83.89245	84.2562	84.20195	84.38585	82.39325	82.36415	82.35955	82.3947	82.407	82.3502	82.37265	82.3696	82.30985	82.41375	82.36415	82.4232	82.40285	82.3332	82.4206	82.174	82.42785	82.4714	82.36195	82.401	83.7942	83.7622	83.8075	83.62825	83.82785	83.7124	83.7377	83.6653	83.9289	83.7712	83.8481	83.8351	83.8176	83.77835	83.78575	83.845	83.8514	83.81265	83.8155	83.7969	83.7435	83.74365	83.82665	83.80895	83.79315	83.8763	83.84085	83.91735	83.7286	83.7845	83.80465	83.8539	83.8129	83.7927	83.84455	83.6599	83.7726	83.8456	83.82695	83.92025	83.77105	83.7752	83.80935	83.8416	83.80035	83.818	83.87875	83.79515	82.49265	85.63635	81.2388	85.1934	84.1654	83.8244	81.55445	81.55445	81.4671	81.49425	83.66495	81.481	83.81825	99.00225	81.6092
Genome_files/Sinorhizobium/Ensifer_glycinis_CCBAU_23380	81.8936	81.98355	82.07395	82.08205	81.60995	81.74095	82.14675	81.95325	83.1989	84.4163	84.30935	84.26075	84.31915	84.21815	84.43065	100	81.7397	83.1597	82.4672	89.7087	84.3277	81.65415	82.03475	88.36145	81.95455	81.9448	81.9258	81.8493	81.84405	81.9338	81.77415	83.3168	81.6417	83.1005	81.58555	81.89095	81.6705	81.6506	81.8975	81.9585	81.6752	81.6363	81.64625	81.98025	81.6028	81.9085	81.86845	82.0157	81.8929	83.29615	82.9514	84.1086	81.844	82.08385	88.5107	88.5108	88.4996	88.53615	88.49805	82.89215	90.19005	89.93745	90.16855	89.963	89.8398	89.4973	90.23395	89.16225	90.2206	89.92835	88.5617	89.50205	89.96255	89.9238	81.94555	81.8977	81.96385	81.94685	81.88395	81.85995	82.01435	81.89825	81.8526	81.89895	81.8977	81.92585	82.0265	81.93185	81.9109	81.7382	81.9759	81.84675	81.88505	82.00915	83.17845	83.26205	83.15115	83.0304	83.2773	83.1994	83.2473	83.109	83.30565	83.161	83.35385	83.3212	83.2586	83.23285	83.2281	83.30795	83.2582	83.2164	83.226	83.3222	83.1724	83.24305	83.287	83.22295	83.25915	83.23525	83.25405	83.3294	83.33155	83.26105	83.30125	83.36375	83.1816	83.22915	83.15925	82.95775	83.22505	83.2796	83.24905	83.2548	83.3522	83.2872	83.18715	83.33965	83.285	83.14505	83.2976	83.3896	81.98405	85.07455	81.7246	89.1003	88.9969	88.53615	82.0173	82.0173	81.9859	81.92685	83.0663	81.9827	88.5028	84.8204	81.983
Genome_files/Sinorhizobium/Ensifer_morelense_Lc04	84.05815	84.0132	84.1587	84.02455	88.69055	88.87785	84.1851	84.00955	80.6353	81.12165	81.0306	81.0965	81.07285	81.09055	81.0834	81.7397	100	81.43765	83.7704	81.1627	80.8137	88.62065	83.93545	81.5538	83.9351	83.93955	83.96345	88.85075	88.84555	83.935	88.89895	80.8061	91.93695	80.8076	88.6618	84.00125	88.67915	88.66165	83.90775	83.8992	88.6612	88.6886	88.70035	83.9762	88.6964	83.99205	84.0056	83.8985	83.90245	80.95055	80.87285	81.0096	83.9472	84.11855	81.46315	81.4167	81.4065	81.5382	81.49275	80.6734	81.70575	81.75895	81.742	81.64525	81.6688	81.65785	81.66215	81.6628	81.7008	81.8326	81.53545	81.67465	81.69395	81.41455	80.23535	80.17795	80.15995	80.1622	80.13775	80.1665	80.21105	80.17805	80.1173	80.1804	80.17795	80.2142	80.18545	80.15335	80.14405	80.06115	80.22415	80.1542	80.20365	80.23645	80.90455	80.97	80.91285	80.74155	80.98645	80.94465	80.9628	80.72185	80.9526	80.85885	80.93615	80.93355	80.876	80.9243	80.91635	80.9403	80.9463	80.8786	80.8711	80.9319	80.85585	80.8981	80.9835	80.8796	80.8888	80.9601	80.8599	80.8776	80.99715	80.9271	80.98615	80.9398	80.9372	80.92575	80.9687	80.84845	81.01225	80.96025	80.8857	80.9702	80.9299	80.8976	80.87235	80.98045	80.97415	80.92345	80.97895	80.9229	80.11585	81.83225	92.03705	81.3515	81.55165	81.54155	84.00755	84.00755	83.9347	83.9675	80.72525	83.9329	81.50175	81.11895	84.00815
Genome_files/Sinorhizobium/Ensifer_psoraleae_CCBAU_65732	81.50215	81.5946	81.6529	81.77175	81.38125	81.53035	81.72555	81.46305	82.01285	83.21435	83.03785	83.21605	83.2898	83.2251	83.2907	83.1597	81.43765	100	82.2309	82.7978	82.0604	81.2955	81.7698	82.8198	81.5544	81.52285	81.5727	81.6458	81.6421	81.49335	81.6225	82.2107	81.39735	82.31365	81.229	81.45195	81.254	81.31135	81.50275	81.4728	81.2658	81.27745	81.28165	81.6894	81.2883	81.5956	81.5121	81.4804	81.52195	82.485	82.26305	83.1941	81.383	81.5758	82.904	82.7329	82.80745	82.79905	82.8134	82.2218	83.0731	83.03395	83.0844	82.91835	82.9422	83.01385	83.0148	82.7872	83.0487	83.0081	82.80235	82.8921	82.98995	83.17995	81.2541	81.367	81.29015	81.34825	81.39745	81.27375	81.33745	81.3318	81.40395	81.2696	81.367	81.33455	81.28735	81.3138	81.43755	81.15755	81.3394	81.23635	81.31975	81.3127	82.465	82.5009	82.4477	82.30205	82.54475	82.44625	82.6224	82.27875	82.58355	82.5264	82.5386	82.53485	82.47995	82.5747	82.51875	82.4621	82.46385	82.51195	82.31755	82.46835	82.4238	82.5055	82.4262	82.40995	82.49045	82.5221	82.4174	82.53635	82.3745	82.35675	82.451	82.391	82.5	82.4799	82.4448	82.356	82.42305	82.45885	82.48805	82.5065	82.3377	82.5792	82.55655	82.49945	82.56305	82.47775	82.5583	82.44615	81.48455	83.39105	81.32265	83.13365	82.84605	82.7991	81.61565	81.61565	81.42325	81.4944	82.3152	81.6984	82.8071	83.3699	81.6456
Genome_files/Sinorhizobium/Ensifer_sesbaniae_CCBAU_65729	87.2042	87.24435	87.4873	89.68605	83.8315	84.0981	87.42625	87.2014	81.8538	81.88495	81.8372	81.8384	81.9884	81.93	81.90325	82.4672	83.7704	82.2309	100	81.72405	81.43205	83.7427	89.6762	82.3046	87.36755	87.35575	87.31865	84.1333	84.10265	87.32915	84.0874	81.65415	83.75125	81.38775	83.75125	87.2349	83.70695	83.76615	87.1652	87.16565	83.75505	83.73935	83.75535	89.74255	83.74905	87.2427	87.25105	87.16965	87.13285	81.6029	81.3157	81.9186	87.12525	87.24035	82.151	82.0391	82.0536	82.19525	82.23525	81.39025	82.2635	82.3607	82.3457	82.2268	82.15795	82.34625	82.3245	82.2419	82.33745	82.3928	82.18145	82.20855	82.23345	82.114	80.48665	80.44985	80.494	80.5522	80.47725	80.4737	80.4737	80.50875	80.5344	80.50415	80.44985	80.5009	80.5227	80.53945	80.49865	80.34015	80.5793	80.5003	80.5233	80.53135	81.566	81.53565	81.55205	81.38285	81.56645	81.46365	81.50645	81.8577	81.5505	81.5426	81.6333	81.59455	81.5596	81.51515	81.54855	81.53755	81.54235	81.59375	81.5218	81.6214	81.4999	81.4328	81.6235	81.48555	81.54995	81.52135	81.59785	81.51885	81.6131	81.5202	81.5655	81.571	81.6483	81.47185	81.5978	81.50235	81.51345	81.5179	81.52465	81.54845	81.58885	81.55105	81.5502	81.57225	81.59695	81.5376	81.6201	81.5637	80.6367	82.94635	83.78895	82.0399	82.16425	82.1856	89.60575	89.60575	87.1654	87.19685	81.32045	89.622	82.24175	81.9154	89.52625
Genome_files/Sinorhizobium/Ensifer_shofinae_CCBAU_251167	81.4682	81.41805	81.50995	81.55205	81.24695	81.32455	81.68245	81.30295	82.8414	84.13045	83.8141	83.9488	83.9486	83.9127	84.132	89.7087	81.1627	82.7978	81.72405	100	83.87275	81.1385	81.4072	88.26995	81.3898	81.4071	81.43005	81.36315	81.3857	81.4195	81.3879	83.1642	81.17395	82.7476	81.1899	81.531	81.335	81.30995	81.35	81.4149	81.2582	81.2284	81.2995	81.5852	81.19235	81.44815	81.4021	81.4015	81.3879	82.9054	82.51455	83.8412	81.3288	81.44315	87.68955	87.6591	87.6707	87.763	87.69405	82.4259	89.69595	89.7049	89.7325	89.74735	89.7263	89.94695	89.6493	89.21995	89.7696	89.16585	87.7801	89.85075	89.4493	90.2311	81.59605	81.52485	81.55505	81.6003	81.56	81.5232	81.6378	81.6101	81.5014	81.6466	81.52485	81.62675	81.5948	81.56185	81.58675	81.27705	81.66955	81.6165	81.58885	81.65255	82.7783	82.72245	82.7913	82.592	82.72785	82.6596	82.6029	82.66015	82.74225	82.62035	82.82595	82.6928	82.75355	82.70715	82.7706	82.9027	82.8697	82.73585	82.7831	82.77675	82.7047	82.6634	82.84995	82.9679	82.74455	82.8045	82.8339	82.823	82.72845	82.82385	82.8034	82.75945	82.73595	82.75425	82.86655	82.6285	82.8448	82.74735	82.81945	82.82315	82.82125	82.67275	82.69185	82.76915	82.86735	82.7918	82.7148	82.8252	81.62525	84.3661	81.15875	89.88875	88.57605	87.7745	81.46065	81.46065	81.35725	81.3194	82.7299	81.4026	87.69045	84.2277	81.53035
Genome_files/Sinorhizobium/Ensifer_sojae_CCBAU_05684	81.17005	81.17325	81.38025	81.26895	80.7848	80.96625	81.34075	81.17475	89.43235	83.2115	83.1398	83.08795	83.0389	83.04295	83.2282	84.3277	80.8137	82.0604	81.43205	83.87275	100	80.7854	81.1056	83.29515	81.0662	81.0138	81.0158	80.92525	80.92925	81.05665	80.9233	89.51465	80.7703	82.18945	80.73375	81.06815	80.7321	80.7504	81.10265	81.1536	80.78735	80.78865	80.77915	81.2054	80.77235	81.17105	81.16985	81.10465	81.1547	82.25325	82.005	83.0202	81.116	81.11025	83.2281	83.0436	83.04255	83.2536	83.2617	81.99295	84.18565	84.46215	84.17165	84.39775	84.17055	83.8967	84.25965	83.27115	84.25495	83.8375	83.2644	83.88715	83.72995	84.07995	81.1367	81.0617	81.1234	81.14005	81.10965	81.0791	81.08025	81.04815	81.05075	81.14485	81.0617	81.0547	81.0693	81.1332	81.10565	80.86575	81.1479	81.08605	81.10025	81.12645	82.2365	82.1764	82.25025	82.10935	82.224	82.0672	82.1567	82.16245	82.2107	82.1524	82.307	82.30525	82.20205	82.16455	82.186	82.24755	82.21855	82.21435	82.21085	82.2819	82.1266	82.1654	82.21845	82.1612	82.1707	82.1821	82.16665	82.29325	82.3405	82.1441	82.274	82.22505	82.2534	82.20415	82.2251	82.1096	82.35095	82.1911	82.23645	82.2826	82.21775	82.21345	82.21245	82.26655	82.1905	82.2011	82.2426	82.2425	81.17885	83.53785	80.87445	83.28485	83.8457	83.2536	81.20295	81.20295	81.12965	81.1225	82.0945	81.0563	83.2601	83.25765	81.11205
Genome_files/Sinorhizobium/Ensifer_sp_1H6	83.7242	83.7198	83.8678	83.9296	99.11865	90.3088	83.9082	83.6603	80.6479	81.24575	81.19115	81.2468	81.1804	81.1873	81.29655	81.65415	88.62065	81.2955	83.7427	81.1385	80.7854	100	83.79215	81.5676	83.72815	83.74345	83.77015	90.3685	90.3809	83.76415	90.41665	80.8195	89.03175	80.86305	98.81545	83.7708	98.74385	98.65005	83.624	83.6278	98.80975	98.7338	98.7488	83.8887	98.8105	83.78695	83.77915	83.64745	83.6478	81.037	80.9258	81.17415	83.67905	83.86975	81.4168	81.37255	81.3743	81.52555	81.47015	80.75145	81.68105	81.57675	81.6154	81.609	81.63525	81.56265	81.57915	81.56405	81.6488	81.67185	81.50315	81.60365	81.6286	81.41575	80.14465	80.12185	80.1249	80.11295	80.04185	80.1018	80.1169	80.1185	80.0422	80.16405	80.12185	80.1424	80.163	80.18345	80.2073	79.9457	80.1097	80.1677	80.1675	80.1434	81.06285	80.99655	81.05285	80.84665	81.0192	80.9873	80.9721	80.95275	81.07065	81.03905	81.1083	81.0499	81.0911	81.12005	81.00705	81.0447	81.0103	81.09165	81.04035	81.1096	81.05405	80.9383	81.0902	80.9994	81.10165	81.0342	81.09255	80.9089	80.9948	81.046	81.08035	81.04585	81.079	81.02585	81.0592	80.97985	81.074	81.0635	81.01025	81.0709	81.02555	80.9855	81.0112	81.1082	81.0627	81.0741	81.0469	81.0869	80.17585	81.89685	89.03945	81.33795	81.5141	81.5386	83.8241	83.8241	83.65345	83.6544	80.8314	83.8705	81.47445	81.11125	83.94845
Genome_files/Sinorhizobium/Ensifer_sp_AP48	87.66375	87.6328	87.80465	95.1139	83.84195	84.263	87.8642	87.6829	80.8355	81.5411	81.55545	81.53845	81.56385	81.53135	81.5402	82.03475	83.93545	81.7698	89.6762	81.4072	81.1056	83.79215	100	81.9746	87.65555	87.67835	87.69005	84.16585	84.14295	87.68075	84.12465	81.20045	83.93935	81.0773	83.7912	87.595	83.85155	83.8284	87.61135	87.60975	83.8205	83.86785	83.8572	97.1032	83.80215	87.6081	87.64465	87.61785	87.6196	81.2715	81.03925	81.4309	87.5151	87.50815	81.9273	81.80295	81.85065	81.8555	81.859	80.91915	81.9909	81.88215	82.0124	81.90415	81.903	81.89535	81.84795	81.9207	82.0986	82.08605	82.0089	81.89155	81.9096	81.6974	80.2372	80.34705	80.29745	80.2387	80.2713	80.313	80.3237	80.2852	80.3538	80.28745	80.34705	80.3075	80.364	80.23615	80.3459	80.07165	80.3522	80.24845	80.29195	80.35195	81.3102	81.26935	81.31325	81.12615	81.2903	81.24865	81.23825	81.08355	81.28135	81.2286	81.3527	81.2513	81.2901	81.2347	81.2744	81.25875	81.20165	81.2167	81.232	81.18175	81.1225	81.2473	81.30805	81.2528	81.2636	81.35725	81.2226	81.1764	81.3488	81.18565	81.19485	81.2392	81.2247	81.27955	81.3262	81.1658	81.257	81.3144	81.20135	81.28335	81.2892	81.3175	81.2575	81.30445	81.2733	81.26645	81.2091	81.312	80.396	82.3081	83.91555	81.7044	81.89335	81.8631	97.41015	97.41015	87.57845	87.5888	81.09935	98.2146	81.87115	81.46525	96.88045
